NbData=92
-2938
-3200
-3580
-3744
-3756
-3656
-3634
-3592
-3178
-2840
-2832
-3073
-3524
-3715
-3806
-3862
-3761
-3705
-3328
-2949
-2908
-3260
-3661
-3952
-4016
-4084
-4076
-4041
-3727
-3432
-3456
-3772
-4200
-4432
-4456
-4492
-4465
-4466
-4123
-3797
-3760
-4096
-4552
-4743
-4777
-4757
-4831
-4724
-4367
-3996
-4048
-4345
-4744
-4966
-4992
-5016
-5025
-4917
-4526
-4144
-4121
-4383
-4807
-5030
-5040
-5117
-5088
-5023
-4628
-4268
-4172
-4440
-4816
-5012
-5068
-5040
-5024
-4923
-4551
-4207
-4176
-4432
-4780
-4998
-5077
-5101
-4979
-4974
-4560
-4205
-4165
-4419
