NbData=108
-3268
-3353
-3352
-3240
-2800
-2509
-2484
-2680
-2989
-3247
-3425
-3552
-3672
-3625
-3216
-2952
-3000
-3264
-3608
-3699
-3772
-3798
-3829
-3791
-3388
-3152
-3224
-3642
-4045
-4144
-4194
-4236
-4252
-4200
-3849
-3624
-3750
-4012
-4132
-4404
-4395
-4232
-4240
-4163
-3754
-3393
-3424
-3864
-4316
-4419
-4368
-4509
-4632
-4640
-4269
-3947
-4053
-4459
-4784
-4957
-5079
-5199
-5196
-5069
-4632
-4388
-4475
-4871
-5322
-5325
-5340
-5362
-5296
-5256
-4884
-4622
-4649
-4934
-5296
-5480
-5479
-5446
-5364
-5254
-4794
-4171
-4183
-4540
-4978
-5178
-5350
-5426
-5447
-5264
-4777
-4376
-4363
-4656
-5035
-5248
-5237
-5244
-5356
-5300
-4896
-4627
-4587
-4812
