NbData=108
-2652
-2607
-2598
-2308
-1800
-1536
-1697
-2027
-2432
-2673
-2687
-2576
-2469
-2168
-1753
-1576
-1715
-2025
-2176
-2242
-2372
-2514
-2531
-2316
-1888
-1625
-1792
-2216
-2320
-2265
-2158
-2150
-2212
-2302
-1952
-1739
-1840
-2240
-2472
-2550
-2598
-2598
-2706
-2464
-2032
-1797
-1831
-2122
-2368
-2332
-2437
-2574
-2716
-2553
-2163
-1824
-1760
-2020
-2491
-2648
-2592
-2816
-2882
-2547
-2002
-1642
-1764
-2250
-2725
-2872
-2821
-2804
-2792
-2552
-2224
-1988
-2080
-2506
-2799
-2861
-2960
-3086
-3168
-2951
-2304
-1978
-2113
-2499
-2789
-2877
-2950
-2995
-2960
-2832
-2344
-2072
-2353
-2608
-2835
-2789
-2804
-2939
-3144
-2920
-2496
-2152
-2256
-2638
