NbData=92
-5831
-6192
-6247
-6206
-6213
-6178
-5924
-5504
-5273
-5416
-5834
-6094
-6122
-6148
-6216
-6256
-6024
-5528
-5248
-5288
-5728
-6091
-6105
-6148
-6110
-6080
-5856
-5381
-5168
-5241
-5520
-5792
-5926
-6004
-6042
-6104
-5928
-5512
-5311
-5434
-5825
-6143
-6156
-6128
-6168
-6160
-5975
-5476
-5216
-5360
-5723
-6139
-6235
-6216
-6229
-6313
-6169
-5696
-5420
-5488
-5830
-6225
-6395
-6411
-6424
-6404
-6163
-5686
-5400
-5430
-5805
-6187
-6330
-6385
-6384
-6301
-6097
-5645
-5344
-5477
-5870
-6235
-6335
-6373
-6363
-6342
-6110
-5660
-5435
-5561
-5843
-6120
