NbData=92
-3983
-4367
-4528
-4548
-4555
-4511
-4367
-4010
-3616
-3536
-3804
-4128
-4425
-4504
-4584
-4444
-4540
-4167
-3811
-3755
-4104
-4460
-4670
-4793
-4913
-4968
-4956
-4576
-4233
-4204
-4527
-4916
-5200
-5312
-5364
-5408
-5303
-4928
-4615
-4608
-4936
-5311
-5596
-5625
-5626
-5609
-5546
-5192
-4861
-4808
-5132
-5644
-5796
-5884
-5872
-5834
-5768
-5388
-5007
-4953
-5238
-5665
-5812
-5812
-5844
-5856
-5737
-5361
-4947
-4896
-5180
-5604
-5835
-5884
-5886
-5904
-5758
-5392
-4970
-4875
-5145
-5597
-5798
-5820
-5899
-5897
-5774
-5328
-4950
-4868
-5124
-5545
