NbData=92
-8880
-9072
-9117
-9068
-9051
-8927
-8521
-8248
-8236
-8540
-9040
-9116
-9071
-9088
-9058
-8992
-8614
-8235
-8241
-8570
-8905
-9076
-9028
-9070
-9148
-9040
-8610
-8272
-8235
-8553
-9034
-9175
-9102
-9111
-9116
-9014
-8560
-8271
-8449
-8707
-9082
-9263
-9262
-9248
-9285
-9225
-8809
-8448
-8404
-8725
-9082
-9223
-9179
-9212
-9247
-9173
-8688
-8305
-8172
-8473
-8896
-9002
-9019
-9024
-8988
-8938
-8534
-8181
-8141
-8384
-8858
-9002
-9055
-9102
-9078
-8939
-8494
-8216
-8228
-8588
-8952
-9200
-9063
-9064
-9173
-9020
-8626
-8218
-8135
-8536
-9076
-9158
