NbData=108
-8240
-8277
-8313
-8251
-7869
-7432
-7360
-7669
-8204
-8437
-8496
-8526
-8566
-8568
-8121
-7664
-7493
-7680
-8091
-8394
-8424
-8484
-8492
-8468
-8080
-7680
-7560
-7849
-8372
-8575
-8548
-8600
-8605
-8512
-8089
-7672
-7553
-7868
-8369
-8572
-8546
-8512
-8549
-8526
-8133
-7732
-7676
-7924
-8304
-8562
-8592
-8576
-8612
-8586
-8268
-7897
-7764
-7984
-8409
-8656
-8667
-8684
-8666
-8576
-8213
-7814
-7692
-7996
-8481
-8652
-8689
-8768
-8713
-8548
-8109
-7773
-7656
-7856
-8315
-8487
-8544
-8620
-8624
-8522
-8162
-7761
-7696
-7966
-8460
-8630
-8596
-8629
-8647
-8593
-8164
-7696
-7583
-7834
-8309
-8494
-8456
-8476
-8489
-8431
-7998
-7617
-7425
-7616
