NbData=108
-5736
-5807
-5893
-5905
-5772
-5340
-5025
-5040
-5225
-5624
-5804
-5806
-5780
-5800
-5680
-5272
-4859
-4790
-5064
-5436
-5596
-5621
-5578
-5631
-5532
-5088
-4728
-4656
-4944
-5360
-5612
-5613
-5581
-5636
-5584
-5132
-4784
-4752
-5021
-5424
-5636
-5634
-5663
-5625
-5540
-5204
-4924
-4836
-5088
-5559
-5734
-5735
-5772
-5832
-5717
-5286
-4928
-4856
-5127
-5427
-5698
-5705
-5700
-5677
-5638
-5268
-4896
-4849
-5100
-5482
-5696
-5721
-5728
-5759
-5631
-5272
-4976
-4850
-5109
-5530
-5661
-5658
-5708
-5769
-5676
-5322
-4953
-4920
-5142
-5460
-5850
-5849
-5816
-5784
-5728
-5360
-5010
-4982
-5259
-5695
-5844
-5894
-5952
-5962
-5868
-5482
-5140
-5068
