NbData=108
-4040
-4099
-4125
-4108
-4064
-3852
-3425
-3240
-3450
-3792
-4188
-4323
-4313
-4381
-4378
-4153
-3839
-3705
-3930
-4329
-4637
-4760
-4838
-4844
-4873
-4738
-4357
-4171
-4364
-4768
-5080
-5176
-5184
-5211
-5235
-4981
-4605
-4400
-4528
-4929
-5254
-5290
-5376
-5372
-5338
-5181
-4761
-4526
-4651
-5126
-5402
-5448
-5414
-5456
-5451
-5240
-4756
-4537
-4690
-5125
-5445
-5531
-5496
-5546
-5548
-5291
-4864
-4640
-4782
-5068
-5401
-5497
-5501
-5480
-5504
-5270
-4848
-4624
-4764
-5179
-5477
-5483
-5548
-5584
-5529
-5234
-4805
-4590
-4744
-5130
-5430
-5468
-5463
-5520
-5512
-5233
-4832
-4629
-4745
-5086
-5419
-5549
-5614
-5621
-5612
-5389
-5006
-4752
