NbData=92
-5869
-6172
-6312
-6364
-6339
-6298
-6104
-5738
-5493
-5664
-6092
-6474
-6653
-6760
-6829
-6826
-6603
-6108
-5624
-5426
-5476
-5532
-5216
-4864
-4592
-4304
-3847
-3272
-2863
-2928
-3202
-3760
-4156
-4377
-4699
-5260
-5564
-5645
-5626
-5744
-6056
-6400
-6461
-6508
-6658
-6678
-6392
-5940
-5642
-5708
-5968
-6272
-6348
-6315
-6279
-6269
-6037
-5617
-5369
-5530
-5950
-6286
-6432
-6355
-6464
-6424
-6146
-5739
-5526
-5632
-5941
-6291
-6414
-6432
-6444
-6458
-6216
-5728
-5456
-5561
-5932
-6240
-6324
-6361
-6345
-6408
-6188
-5701
-5429
-5512
-5825
-6236
