NbData=92
-9000
-9221
-9216
-9241
-9273
-9260
-8863
-8472
-8349
-8631
-9045
-9220
-9196
-9185
-9152
-9104
-8648
-8197
-8110
-8481
-8912
-9112
-9076
-9091
-9129
-9044
-8688
-8301
-8149
-8374
-8872
-9101
-9089
-9063
-9070
-8979
-8528
-8176
-8118
-8496
-9121
-9352
-9412
-9416
-9387
-9210
-8695
-8159
-7833
-7850
-7989
-7930
-7700
-7412
-7142
-6863
-6232
-5681
-5648
-6087
-6844
-7353
-7632
-7984
-8419
-8808
-8727
-8537
-8415
-8597
-8956
-9107
-9068
-9136
-9178
-9086
-8645
-8147
-8025
-8284
-8614
-8832
-8801
-8798
-8755
-8713
-8321
-7907
-7901
-8217
-8691
-8890
