NbData=108
-5728
-5919
-6117
-6099
-6638
-7326
-7484
-7856
-8005
-7880
-7590
-7423
-7312
-6808
-6205
-5824
-5646
-5744
-5977
-5936
-5840
-5720
-5601
-5469
-5088
-4694
-4528
-4818
-5024
-4965
-4880
-4913
-4973
-4865
-4635
-4484
-4540
-4744
-5065
-5260
-5318
-5308
-5241
-5200
-4898
-4452
-4329
-4640
-5233
-5168
-5128
-5200
-5310
-5261
-4906
-4561
-4560
-4784
-5205
-5328
-5404
-5376
-5437
-5299
-4743
-4281
-4320
-4808
-5285
-5575
-5700
-5916
-5917
-5680
-5244
-4941
-5008
-5330
-5763
-5917
-5974
-6134
-6352
-6220
-5724
-5382
-5455
-5864
-6527
-6704
-6789
-6922
-6992
-6960
-6662
-6493
-6780
-7294
-7850
-7984
-7824
-7645
-7628
-7354
-6684
-6053
-5678
-5712
