NbData=108
-5111
-5276
-5264
-5295
-5289
-5200
-4768
-4393
-4385
-4684
-5054
-5225
-5235
-5242
-5216
-5099
-4694
-4364
-4352
-4691
-5036
-5129
-5180
-5136
-5181
-5037
-4652
-4320
-4328
-4728
-5113
-5228
-5256
-5244
-5172
-5046
-4745
-4393
-4336
-4614
-4965
-5173
-5183
-5177
-5143
-5085
-4688
-4374
-4404
-4672
-5102
-5262
-5322
-5291
-5280
-5108
-4734
-4411
-4324
-4628
-5112
-5264
-5237
-5232
-5229
-5064
-4668
-4362
-4384
-4653
-4974
-5159
-5202
-5216
-5189
-5105
-4744
-4408
-4421
-4700
-5068
-5209
-5267
-5235
-5165
-5084
-4712
-4374
-4372
-4661
-5064
-5285
-5267
-5168
-5172
-5036
-4610
-4280
-4245
-4439
-4811
-5023
-5132
-5120
-5113
-5038
-4673
-4289
