NbData=92
-9087
-9181
-9111
-9057
-9168
-9132
-8736
-8361
-8346
-8635
-9180
-9301
-9153
-9200
-9216
-9180
-8768
-8355
-8201
-8475
-8896
-9194
-9166
-9134
-9151
-9098
-8714
-8383
-8310
-8608
-9049
-9222
-9177
-9212
-9187
-9095
-8664
-8268
-8282
-8621
-9104
-9267
-9238
-9305
-9309
-9237
-8812
-8388
-8330
-8708
-9033
-9281
-9280
-9336
-9350
-9257
-8922
-8453
-8316
-8671
-9156
-9339
-9321
-9328
-9384
-9278
-8906
-8494
-8408
-8720
-9195
-9328
-9321
-9333
-9383
-9228
-8767
-8344
-8313
-8681
-9049
-9317
-9334
-9437
-9360
-9301
-8882
-8506
-8388
-8632
-9129
-9272
