NbData=108
-8835
-8834
-8765
-8656
-8244
-7859
-7773
-8132
-8614
-8640
-8597
-8593
-8592
-8473
-7996
-7636
-7540
-7813
-8056
-8233
-8268
-8248
-8180
-8146
-7723
-7264
-7151
-7410
-7832
-8001
-8051
-8089
-8032
-7843
-7322
-6909
-6850
-7178
-7609
-7774
-7828
-7852
-7805
-7662
-7252
-6874
-6843
-7140
-7576
-7840
-7870
-7844
-7860
-7836
-7412
-7104
-7139
-7490
-7982
-8157
-8168
-8234
-8304
-8290
-7900
-7572
-7583
-7922
-8416
-8673
-8672
-8695
-8750
-8708
-8320
-7952
-7916
-8215
-8653
-8792
-8899
-8957
-9008
-8923
-8556
-8195
-8160
-8483
-9006
-9137
-9112
-9118
-9115
-9063
-8581
-8126
-8062
-8348
-8797
-9042
-9068
-9152
-9183
-9116
-8648
-8213
-8248
-8568
