NbData=108
-8120
-8185
-8160
-7988
-7593
-7268
-7233
-7473
-7968
-8128
-8076
-8048
-8080
-8061
-7758
-7434
-7417
-7738
-8120
-8462
-8493
-8501
-8447
-8229
-7649
-6988
-6560
-6493
-6613
-6446
-6156
-5840
-5692
-5569
-5052
-4594
-4542
-5056
-5736
-6268
-6691
-7248
-7764
-8125
-7886
-7461
-7337
-7566
-7929
-8300
-8463
-8531
-8526
-8360
-7904
-7488
-7325
-7503
-7888
-8012
-8020
-8045
-8080
-8025
-7676
-7356
-7280
-7503
-7935
-8157
-8190
-8215
-8202
-8192
-7901
-7462
-7287
-7530
-7920
-8185
-8185
-8189
-8198
-8164
-7768
-7365
-7249
-7484
-7902
-8084
-8061
-8057
-8116
-8099
-7714
-7268
-7129
-7370
-7825
-8018
-8008
-8080
-8058
-7996
-7577
-7099
-6993
-7257
