NbData=108
-4989
-5144
-5272
-5346
-5364
-5184
-4740
-4392
-4318
-4448
-4739
-4921
-4937
-4944
-4896
-4772
-4408
-4089
-4124
-4468
-4948
-5100
-5126
-5121
-5135
-5060
-4624
-4272
-4249
-4554
-4939
-5060
-5057
-5081
-5097
-5028
-4627
-4217
-4262
-4519
-4833
-5056
-5068
-5078
-5036
-4958
-4522
-4188
-4142
-4444
-4879
-5053
-5124
-5136
-5108
-5015
-4560
-4175
-4109
-4375
-4791
-4997
-5089
-5022
-4928
-4894
-4432
-4056
-4033
-4302
-4576
-4755
-4706
-4639
-4635
-4518
-4129
-3844
-3836
-4044
-4414
-4520
-4516
-4484
-4448
-4297
-3886
-3545
-3457
-3680
-4096
-4296
-4240
-4207
-4156
-4096
-3662
-3242
-3140
-3388
-3654
-3901
-3961
-3916
-3872
-3799
-3350
-3020
