NbData=108
-8388
-8378
-8336
-8134
-7680
-7415
-7504
-7756
-8072
-8294
-8344
-8428
-8480
-8448
-8019
-7856
-7898
-8332
-8713
-8824
-8854
-8918
-9022
-8996
-8674
-8432
-8520
-9032
-9440
-9600
-9568
-9488
-9636
-9603
-9340
-8984
-9010
-9461
-10024
-10346
-10386
-10464
-10604
-10544
-10060
-9856
-9982
-10347
-10752
-10859
-10920
-11007
-10961
-10832
-10464
-10278
-10372
-10772
-11244
-11394
-11438
-11520
-11475
-11424
-11160
-11027
-11071
-11294
-11710
-11888
-11994
-12214
-12287
-12094
-11771
-11504
-11537
-11922
-12223
-12152
-12120
-12240
-12360
-12268
-12044
-11897
-11888
-12256
-12601
-12721
-12768
-12734
-12706
-12470
-12032
-11652
-11529
-11788
-12114
-12184
-12171
-12096
-12036
-11872
-11431
-11073
-11062
-11244
