NbData=92
-7616
-7427
-7116
-6945
-6822
-6650
-6148
-5813
-6000
-6544
-7339
-7849
-8368
-8868
-9236
-9281
-8852
-8400
-8288
-8629
-9200
-9516
-9500
-9470
-9474
-9329
-8928
-8512
-8389
-8553
-9061
-9232
-9250
-9200
-9309
-9177
-8691
-8304
-8313
-8681
-9183
-9282
-9280
-9251
-9320
-9309
-8928
-8537
-8480
-8753
-9152
-9456
-9504
-9524
-9560
-9497
-9020
-8634
-8534
-8869
-9324
-9452
-9492
-9462
-9448
-9298
-8850
-8477
-8396
-8616
-9016
-9207
-9218
-9179
-9145
-9104
-8728
-8323
-8146
-8364
-8719
-8960
-8949
-8904
-8908
-8853
-8389
-8012
-8024
-8317
-8733
-8867
