NbData=108
-9240
-9351
-9342
-9232
-8732
-8328
-8265
-8588
-9109
-9276
-9201
-9227
-9233
-9134
-8736
-8401
-8330
-8605
-9012
-9280
-9307
-9292
-9340
-9252
-8767
-8353
-8304
-8676
-9124
-9330
-9315
-9310
-9318
-9220
-8779
-8368
-8319
-8668
-9019
-9210
-9208
-9224
-9180
-9035
-8696
-8329
-8250
-8544
-8945
-9208
-9253
-9322
-9334
-9259
-8816
-8409
-8356
-8681
-9180
-9396
-9376
-9344
-9357
-9267
-8832
-8425
-8334
-8577
-9060
-9248
-9260
-9349
-9336
-9222
-8760
-8343
-8249
-8537
-8953
-9146
-9118
-9136
-9155
-9100
-8610
-8232
-8144
-8464
-8996
-9247
-9242
-9203
-9200
-9189
-8807
-8324
-8152
-8481
-8944
-9145
-9174
-9211
-9236
-9151
-8753
-8343
-8260
-8544
