NbData=108
-7610
-7725
-7801
-7851
-7379
-6950
-6873
-7169
-7647
-7908
-7913
-7893
-7900
-7866
-7511
-7104
-7004
-7232
-7561
-7904
-7938
-7873
-7920
-7865
-7518
-7104
-6966
-7212
-7656
-7864
-7860
-7894
-7973
-7928
-7552
-7148
-7021
-7317
-7744
-7958
-8012
-8047
-8042
-7990
-7624
-7224
-7104
-7360
-7720
-8032
-8033
-8080
-8089
-7978
-7605
-7168
-6972
-7264
-7694
-7872
-7904
-7874
-7815
-7883
-7499
-7104
-7008
-7201
-7678
-7919
-7963
-8031
-8050
-7928
-7516
-7110
-6970
-7257
-7604
-7883
-7884
-7888
-7948
-7941
-7550
-7145
-7054
-7299
-7678
-7913
-7954
-7993
-8012
-7948
-7631
-7246
-7152
-7404
-7874
-8088
-8069
-8062
-8097
-8076
-7756
-7392
-7280
-7565
