NbData=92
-7786
-7854
-7900
-7972
-8164
-8023
-7497
-7241
-7236
-7595
-8030
-8083
-8007
-7876
-7849
-7690
-7123
-6732
-6707
-6780
-7020
-7176
-7184
-7216
-7256
-7065
-6631
-6473
-6494
-6752
-7148
-7345
-7536
-7504
-7619
-7445
-6928
-6396
-6366
-6649
-6996
-7013
-7088
-7176
-7372
-7376
-6965
-6604
-6604
-7000
-7481
-7675
-7801
-7925
-7919
-7833
-7581
-7436
-7720
-8176
-8544
-8762
-9054
-9328
-9434
-9334
-8960
-8619
-8492
-8795
-9212
-9478
-9715
-9950
-10084
-10028
-9697
-9372
-9385
-9692
-10018
-10120
-10272
-10382
-10385
-10352
-9984
-9532
-9570
-9896
-10304
-10380
