NbData=108
-6373
-6396
-6368
-6350
-6046
-5608
-5386
-5504
-5855
-6224
-6298
-6318
-6229
-6180
-6033
-5513
-5224
-5380
-5584
-5944
-6057
-6024
-5984
-5996
-5753
-5355
-5062
-5190
-5520
-5849
-5896
-5844
-5820
-5767
-5472
-5021
-4741
-4847
-5201
-5520
-5567
-5553
-5512
-5457
-5252
-4719
-4304
-4368
-4785
-5140
-5135
-5183
-5253
-5168
-4878
-4406
-4032
-4105
-4488
-4895
-4915
-4880
-4905
-4892
-4625
-4225
-3985
-4110
-4480
-4844
-4928
-4912
-4896
-4922
-4736
-4296
-4147
-4299
-4699
-5061
-5190
-5280
-5360
-5363
-5192
-4813
-4584
-4722
-5102
-5512
-5628
-5708
-5749
-5792
-5593
-5202
-4988
-5168
-5572
-5927
-6003
-6048
-6032
-6044
-5855
-5456
-5285
-5416
