NbData=92
-5315
-5756
-5964
-5969
-5972
-6009
-5838
-5372
-5065
-5019
-5354
-5700
-5841
-5940
-5983
-5998
-5888
-5462
-5126
-5119
-5504
-5852
-6009
-6060
-6065
-6058
-5888
-5418
-5094
-5127
-5398
-5888
-6018
-6119
-6125
-6122
-5977
-5488
-5238
-5242
-5525
-5953
-6118
-6118
-6068
-6044
-5981
-5594
-5232
-5240
-5577
-5950
-6081
-6096
-6154
-6106
-6041
-5623
-5232
-5236
-5544
-5929
-6156
-6135
-6054
-6112
-5938
-5478
-5119
-5160
-5451
-5814
-5965
-6077
-6115
-6081
-5936
-5513
-5256
-5272
-5579
-5987
-6140
-6171
-6212
-6178
-6019
-5614
-5308
-5303
-5588
-5920
