NbData=108
-6016
-6033
-6152
-6233
-6152
-5768
-5358
-5300
-5529
-5880
-5974
-5899
-5900
-5901
-5788
-5380
-5004
-4980
-5270
-5670
-5917
-5971
-5984
-5995
-5872
-5514
-5096
-5024
-5327
-5675
-5890
-5926
-5930
-5905
-5782
-5372
-5016
-4982
-5286
-5707
-5913
-5951
-5885
-5908
-5796
-5378
-5066
-4992
-5241
-5640
-5802
-5805
-5914
-5968
-5832
-5440
-5077
-4993
-5265
-5578
-5745
-5810
-5808
-5748
-5566
-5157
-4792
-4720
-4940
-5391
-5598
-5598
-5568
-5536
-5446
-5004
-4537
-4521
-4767
-5124
-5350
-5280
-5307
-5305
-5168
-4676
-4340
-4202
-4432
-4704
-4927
-4944
-4933
-4902
-4865
-4464
-4080
-3946
-4188
-4636
-4790
-4770
-4697
-4654
-4560
-4134
-3756
-3725
