NbData=92
-7608
-7882
-7908
-7952
-7922
-7852
-7502
-7028
-6838
-7065
-7499
-7712
-7673
-7705
-7712
-7661
-7212
-6768
-6601
-6844
-7194
-7328
-7274
-7268
-7220
-7132
-6784
-6352
-6161
-6356
-6801
-6945
-6862
-6881
-6904
-6860
-6416
-5991
-5822
-6032
-6433
-6640
-6652
-6636
-6621
-6542
-6110
-5694
-5549
-5786
-6243
-6469
-6391
-6421
-6439
-6380
-6073
-5605
-5475
-5762
-6243
-6434
-6452
-6517
-6568
-6584
-6266
-5908
-5829
-6122
-6640
-6964
-7007
-7056
-7057
-7023
-6743
-6363
-6238
-6525
-7028
-7465
-7444
-7440
-7542
-7512
-7120
-6682
-6640
-6859
-7328
-7605
