NbData=108
-7107
-7137
-7164
-7141
-6870
-6448
-6249
-6412
-6812
-7068
-7238
-7218
-7160
-7125
-6779
-6361
-6212
-6433
-6789
-7084
-7161
-7220
-7253
-7206
-6912
-6490
-6251
-6424
-6867
-7183
-7214
-7195
-7169
-7092
-6724
-6304
-6095
-6311
-6775
-7084
-7098
-7112
-7176
-7113
-6790
-6391
-6205
-6328
-6669
-7003
-7079
-7035
-7038
-7012
-6731
-6334
-6180
-6378
-6784
-7096
-7128
-7127
-7130
-7113
-6825
-6346
-6112
-6236
-6696
-7014
-7036
-7054
-7082
-6992
-6654
-6167
-5951
-6144
-6471
-6798
-6852
-6866
-6929
-6860
-6596
-6176
-6050
-6243
-6624
-6904
-6955
-6944
-6989
-6944
-6567
-6089
-5964
-6158
-6554
-6832
-6841
-6834
-6776
-6703
-6436
-5760
-5727
-4888
