NbData=108
-5704
-5768
-5778
-5760
-5727
-5403
-4921
-4740
-4965
-5343
-5642
-5728
-5714
-5692
-5674
-5328
-4925
-4774
-5066
-5496
-5648
-5679
-5680
-5696
-5657
-5273
-4825
-4744
-4968
-5344
-5600
-5701
-5737
-5710
-5634
-5254
-4921
-4812
-5048
-5409
-5648
-5741
-5688
-5716
-5588
-5207
-4837
-4709
-4915
-5371
-5650
-5657
-5649
-5622
-5529
-5207
-4795
-4584
-4864
-5312
-5536
-5641
-5671
-5707
-5692
-5327
-4885
-4848
-5008
-5386
-5540
-5529
-5520
-5508
-5469
-5147
-4730
-4637
-4850
-5272
-5472
-5568
-5616
-5633
-5655
-5256
-4841
-4716
-4823
-5269
-5516
-5615
-5658
-5627
-5567
-5205
-4863
-4712
-4930
-5363
-5648
-5678
-5688
-5728
-5648
-5296
-4875
-4728
