NbData=92
-4706
-5027
-5281
-5461
-5562
-5618
-5404
-5080
-5022
-5296
-5782
-6093
-6216
-6319
-6384
-6421
-6147
-5760
-5647
-5920
-6460
-6744
-6816
-6896
-6929
-6915
-6640
-6232
-6069
-6316
-6669
-6949
-7093
-7170
-7204
-7120
-6829
-6417
-6230
-6441
-6824
-7100
-7164
-7156
-7147
-7119
-6864
-6472
-6343
-6544
-6985
-7209
-7244
-7275
-7274
-7204
-6926
-6524
-6378
-6715
-7199
-7584
-7648
-7626
-7637
-7505
-7056
-6429
-5982
-5833
-5948
-5964
-5627
-5338
-5049
-4776
-4288
-3756
-3508
-3840
-4503
-4974
-5290
-5744
-6320
-6780
-6884
-6649
-6478
-6576
-6905
-7256
