NbData=92
-7128
-7246
-7194
-7189
-7025
-6737
-6236
-5903
-5875
-6191
-6736
-6851
-6875
-6842
-6794
-6697
-6296
-5953
-5924
-6234
-6627
-6854
-6909
-6939
-6940
-6832
-6404
-6019
-5988
-6376
-6779
-6883
-6909
-6975
-7037
-6980
-6505
-6107
-6126
-6568
-7176
-7364
-7392
-7465
-7520
-7413
-7056
-6771
-6814
-7210
-7630
-7869
-7904
-8000
-8032
-7913
-7520
-7205
-7258
-7626
-8132
-8287
-8308
-8323
-8354
-8292
-7936
-7616
-7568
-7918
-8403
-8576
-8589
-8644
-8663
-8597
-8143
-7880
-7907
-8200
-8630
-8812
-8784
-8768
-8818
-8748
-8313
-8010
-8003
-8348
-8762
-8845
