NbData=108
-5385
-5404
-5401
-5398
-5403
-5033
-4651
-4496
-4668
-5046
-5338
-5524
-5533
-5482
-5482
-5144
-4736
-4520
-4668
-5096
-5392
-5435
-5495
-5473
-5456
-5147
-4758
-4586
-4786
-5138
-5404
-5490
-5512
-5547
-5512
-5229
-4840
-4645
-4832
-5216
-5472
-5532
-5582
-5581
-5582
-5310
-4834
-4668
-4816
-5188
-5449
-5538
-5576
-5578
-5604
-5328
-4886
-4775
-4860
-5216
-5548
-5571
-5605
-5659
-5653
-5308
-4895
-4747
-4928
-5294
-5529
-5593
-5609
-5684
-5588
-5240
-4881
-4710
-4870
-5269
-5532
-5456
-5502
-5582
-5618
-5276
-4884
-4716
-4872
-5223
-5510
-5599
-5578
-5539
-5530
-5252
-4884
-4661
-4860
-5247
-5504
-5633
-5676
-5674
-5627
-5342
-4908
-4672
