NbData=108
-5557
-5484
-5351
-5009
-4657
-4553
-4814
-5193
-5568
-5576
-5593
-5567
-5552
-5328
-4793
-4455
-4588
-4933
-5198
-5176
-5210
-5272
-5236
-5056
-4653
-4479
-4622
-4857
-5160
-5296
-5165
-4977
-4928
-4842
-4440
-4265
-4421
-4901
-5328
-5290
-5070
-5062
-5004
-4736
-4193
-3904
-3980
-4279
-4524
-4512
-4544
-4580
-4575
-4534
-4041
-3792
-3852
-4184
-4588
-4532
-4624
-4721
-4748
-4512
-3875
-3512
-3551
-3980
-4324
-4303
-4270
-4421
-4684
-4516
-3964
-3712
-3831
-4076
-4588
-4796
-4704
-4693
-4590
-4405
-4078
-3766
-3968
-4397
-4894
-5120
-5132
-5200
-5316
-5172
-4763
-4579
-4656
-4997
-5296
-5353
-5497
-5648
-5705
-5540
-5178
-4951
-5024
-5344
