NbData=108
-6818
-6903
-6854
-6782
-6324
-6052
-6078
-6292
-6519
-6692
-6720
-6656
-6692
-6608
-6209
-6025
-6137
-6548
-6800
-6717
-6848
-6966
-6968
-6686
-6251
-5906
-6027
-6224
-6500
-6587
-6874
-7104
-7088
-6727
-6280
-5942
-5941
-6285
-6774
-7072
-6976
-6811
-6712
-6555
-6257
-6048
-6077
-6428
-6762
-6769
-6791
-6864
-6880
-6718
-6248
-6077
-6176
-6472
-6901
-7143
-7279
-7334
-7283
-6900
-6448
-6207
-6188
-6496
-6897
-6971
-7084
-7097
-7080
-6938
-6576
-6352
-6361
-6672
-7145
-7324
-7225
-7256
-7330
-7167
-6586
-6027
-6056
-6304
-6686
-6803
-6960
-7065
-6984
-6938
-6570
-6267
-6374
-6748
-7075
-6992
-6812
-6852
-6863
-6732
-6264
-6084
-6189
-6393
