NbData=92
-4464
-4856
-5243
-5336
-5349
-5420
-5410
-5162
-4748
-4432
-4448
-4828
-5180
-5246
-5278
-5305
-5256
-5087
-4639
-4325
-4400
-4730
-5096
-5227
-5212
-5220
-5303
-5115
-4720
-4400
-4402
-4716
-5074
-5152
-5152
-5198
-5157
-5021
-4674
-4351
-4431
-4758
-5083
-5218
-5243
-5241
-5264
-5065
-4581
-4317
-4387
-4697
-5068
-5148
-5210
-5203
-5180
-5020
-4700
-4428
-4417
-4768
-5094
-5208
-5229
-5240
-5200
-5024
-4588
-4251
-4270
-4586
-4955
-5087
-5136
-5152
-5166
-5045
-4649
-4365
-4360
-4665
-4986
-5104
-5078
-5019
-5084
-4880
-4414
-4137
-4201
-4501
