NbData=108
-5316
-5400
-5388
-5378
-5375
-5157
-4800
-4649
-4766
-5100
-5429
-5590
-5570
-5616
-5641
-5352
-4876
-4711
-4835
-5215
-5496
-5572
-5560
-5525
-5482
-5205
-4768
-4568
-4767
-5152
-5397
-5541
-5561
-5565
-5577
-5226
-4729
-4572
-4840
-5209
-5568
-5637
-5648
-5648
-5612
-5344
-4887
-4666
-4920
-5360
-5705
-5885
-5945
-6004
-5980
-5633
-5082
-4732
-4772
-4936
-4842
-4659
-4373
-3993
-3648
-3149
-2532
-2117
-2125
-2470
-2864
-3222
-3544
-3843
-4175
-4329
-4448
-4632
-4984
-5306
-5504
-5489
-5538
-5673
-5706
-5472
-5052
-4696
-4863
-5232
-5514
-5521
-5520
-5513
-5381
-5047
-4621
-4428
-4550
-4922
-5321
-5420
-5416
-5480
-5448
-5216
-4817
-4596
