NbData=92
-5086
-5534
-5745
-5760
-5848
-5898
-5824
-5420
-4966
-4848
-5031
-5376
-5732
-5856
-5853
-5874
-5893
-5512
-5083
-4910
-5142
-5536
-5803
-5848
-5901
-5904
-5856
-5485
-5056
-4953
-5201
-5587
-5814
-5820
-5902
-5948
-5791
-5392
-5052
-4969
-5110
-5439
-5740
-5760
-5813
-5840
-5833
-5483
-5066
-4956
-5140
-5534
-5781
-5868
-5819
-5833
-5830
-5463
-5150
-4986
-5136
-5544
-5804
-5876
-5861
-5860
-5818
-5448
-5115
-4873
-5064
-5436
-5664
-5770
-5825
-5780
-5718
-5402
-5006
-4953
-5132
-5550
-5792
-5825
-5826
-5820
-5692
-5364
-4928
-4861
-5019
-5452
