NbData=92
-7178
-7502
-7552
-7624
-7650
-7641
-7289
-6938
-6883
-7191
-7737
-7993
-8000
-8030
-8089
-8052
-7669
-7274
-7180
-7496
-7959
-8212
-8245
-8256
-8323
-8299
-7892
-7449
-7360
-7740
-8290
-8485
-8505
-8528
-8542
-8457
-8070
-7649
-7552
-7861
-8361
-8558
-8571
-8531
-8555
-8476
-8080
-7616
-7552
-7852
-8227
-8523
-8544
-8576
-8593
-8555
-8159
-7737
-7648
-7944
-8436
-8626
-8608
-8617
-8571
-8540
-8140
-7696
-7588
-7878
-8348
-8447
-8372
-8413
-8373
-8240
-7791
-7404
-7305
-7560
-7910
-8149
-8168
-8193
-8262
-8207
-7764
-7364
-7228
-7513
-8064
-8274
