NbData=108
-6000
-5996
-6012
-6034
-5845
-5404
-5176
-5256
-5501
-5825
-5936
-5987
-5932
-5949
-5681
-5272
-4984
-5024
-5340
-5704
-5761
-5819
-5924
-5937
-5758
-5376
-5080
-5067
-5279
-5593
-5833
-5905
-5964
-5916
-5748
-5243
-4992
-5045
-5360
-5704
-5956
-6036
-6052
-6096
-5877
-5440
-5136
-5162
-5500
-5899
-5975
-5977
-5982
-5936
-5828
-5400
-5039
-5048
-5421
-5776
-5975
-5977
-6044
-6064
-5861
-5388
-5049
-5100
-5344
-5736
-5945
-5888
-5912
-6022
-5845
-5429
-5136
-5145
-5446
-5894
-6067
-6195
-6288
-6333
-6262
-5846
-5550
-5484
-5584
-5768
-5706
-5466
-5160
-4768
-4256
-3532
-2928
-2750
-2926
-3184
-3260
-3373
-3657
-3902
-3977
-3913
-4068
-4612
