NbData=92
-6112
-6512
-6652
-6594
-6573
-6574
-6365
-5872
-5674
-5785
-6220
-6522
-6564
-6592
-6584
-6566
-6328
-5842
-5582
-5732
-6185
-6512
-6535
-6533
-6579
-6512
-6277
-5800
-5563
-5784
-6067
-6405
-6508
-6516
-6594
-6589
-6304
-5881
-5652
-5840
-6178
-6447
-6500
-6583
-6601
-6620
-6326
-5862
-5693
-5808
-6227
-6504
-6531
-6504
-6524
-6560
-6273
-5840
-5616
-5748
-6073
-6404
-6520
-6544
-6507
-6442
-6204
-5832
-5621
-5768
-6136
-6452
-6528
-6540
-6553
-6526
-6296
-5868
-5584
-5724
-6152
-6483
-6565
-6536
-6571
-6524
-6237
-5833
-5584
-5670
-6006
-6359
