NbData=92
-6733
-6943
-6884
-6924
-6874
-6714
-6309
-6032
-6160
-6440
-6827
-7116
-7116
-7184
-7113
-6890
-6396
-6030
-6128
-6458
-6776
-6902
-6935
-6804
-6760
-6714
-6464
-6365
-6525
-6684
-6879
-7048
-6974
-6956
-7069
-7080
-6766
-6368
-6338
-6762
-7072
-7152
-7060
-7182
-7207
-7095
-6614
-6312
-6294
-6555
-6888
-6928
-6996
-7117
-7116
-6948
-6505
-6057
-5996
-6342
-6684
-6724
-6665
-6772
-6870
-6640
-6076
-5653
-5616
-5837
-5950
-6035
-6168
-6410
-6456
-6304
-5864
-5462
-5367
-5604
-5876
-5870
-5737
-5662
-5643
-5452
-5089
-4824
-4836
-5116
-5409
-5445
