NbData=108
-5056
-5138
-5190
-5221
-5213
-4999
-4493
-4242
-4393
-4630
-4970
-5132
-5269
-5264
-5164
-4980
-4544
-4261
-4318
-4729
-5096
-5244
-5236
-5258
-5208
-4927
-4488
-4220
-4378
-4682
-4973
-5089
-5101
-5187
-5146
-4882
-4486
-4282
-4364
-4652
-4940
-5152
-5072
-5088
-5066
-4842
-4406
-4153
-4201
-4505
-4836
-4832
-4842
-4863
-4852
-4621
-4191
-3856
-3893
-4252
-4587
-4611
-4636
-4608
-4582
-4340
-3868
-3576
-3688
-3974
-4279
-4407
-4421
-4362
-4353
-4044
-3593
-3318
-3416
-3680
-4028
-4096
-4079
-4057
-4012
-3796
-3316
-2976
-3009
-3378
-3679
-3774
-3812
-3829
-3851
-3664
-3216
-2960
-2989
-3297
-3581
-3743
-3752
-3840
-3823
-3655
-3247
-2985
