NbData=108
-8873
-8889
-8919
-8799
-8350
-8021
-8026
-8300
-8731
-8885
-8944
-9009
-8976
-8857
-8428
-8054
-8038
-8370
-8848
-9018
-9040
-9041
-9048
-8887
-8463
-8157
-8121
-8441
-8912
-9068
-9110
-9040
-9030
-8943
-8446
-8064
-8175
-8484
-8769
-8930
-8994
-8979
-8978
-8906
-8458
-8112
-8106
-8472
-8910
-8992
-9004
-8992
-9001
-8886
-8485
-8168
-8144
-8416
-8840
-8984
-8981
-8967
-8952
-8891
-8464
-8086
-8081
-8434
-8770
-8938
-8972
-8937
-8960
-8896
-8487
-8114
-8144
-8523
-8975
-9034
-8972
-8957
-9008
-8881
-8418
-8052
-8006
-8397
-8901
-9015
-8976
-8917
-8920
-8828
-8440
-8142
-8123
-8388
-8703
-8888
-8976
-9060
-9083
-8951
-8524
-8112
-8031
-8420
