NbData=92
-5219
-5476
-5600
-5742
-5696
-5389
-4965
-4694
-4679
-4924
-5372
-5335
-5392
-5424
-5464
-5297
-4937
-4561
-4599
-4982
-5352
-5660
-5876
-6060
-6142
-6002
-5644
-5406
-5506
-5721
-6072
-6147
-6187
-6347
-6336
-6156
-5848
-5707
-5831
-6164
-6448
-6612
-6584
-6680
-6693
-6463
-6186
-5948
-6020
-6576
-6931
-6997
-7064
-7043
-6998
-6737
-6339
-6123
-6304
-6805
-7175
-7151
-6945
-6928
-6882
-6592
-6133
-5904
-6052
-6460
-6747
-6761
-6800
-6832
-6778
-6640
-6203
-5961
-6159
-6448
-6825
-7060
-6922
-6864
-6874
-6687
-6238
-6069
-6238
-6592
-6784
-6788
