NbData=92
-4409
-4714
-5132
-5255
-5204
-5261
-5215
-5096
-4668
-4322
-4292
-4634
-5048
-5196
-5198
-5232
-5219
-5120
-4704
-4360
-4387
-4656
-5059
-5260
-5304
-5321
-5314
-5086
-4681
-4375
-4366
-4653
-5088
-5251
-5277
-5264
-5238
-5114
-4688
-4400
-4432
-4724
-5049
-5196
-5240
-5190
-5144
-5049
-4629
-4348
-4366
-4743
-5128
-5297
-5262
-5268
-5228
-5145
-4688
-4388
-4364
-4716
-5100
-5200
-5242
-5285
-5280
-5209
-4802
-4357
-4350
-4681
-5040
-5139
-5174
-5196
-5180
-5080
-4708
-4406
-4396
-4688
-5077
-5195
-5169
-5215
-5104
-4966
-4648
-4368
-4358
-4689
