NbData=108
-444
-431
-304
-91
272
400
245
-146
-476
-492
-443
-489
-477
-258
89
219
177
-149
-472
-628
-682
-688
-656
-404
28
305
236
-25
-372
-560
-667
-572
-646
-505
-168
39
-6
-408
-789
-833
-736
-696
-614
-319
72
310
191
-215
-586
-638
-802
-916
-816
-541
-139
197
168
-190
-605
-836
-797
-960
-914
-616
-264
-44
-160
-520
-877
-798
-844
-1023
-912
-646
-344
-140
-169
-672
-917
-804
-880
-802
-774
-767
-528
-344
-396
-628
-880
-1135
-1191
-1193
-1028
-671
-157
-13
-366
-848
-1112
-1209
-1216
-1168
-1163
-860
-387
-180
-236
-613
