NbData=92
-5360
-5760
-5928
-5978
-6026
-6081
-6020
-5613
-5179
-5134
-5336
-5629
-5912
-5961
-5958
-5960
-5880
-5540
-5179
-5104
-5360
-5776
-5981
-5966
-5985
-6054
-5883
-5411
-5104
-4992
-5215
-5664
-5912
-5866
-5874
-5917
-5840
-5440
-5088
-5022
-5261
-5564
-5821
-5827
-5888
-5927
-5819
-5424
-5043
-4986
-5236
-5737
-5952
-5964
-5968
-5936
-5820
-5443
-5067
-5012
-5242
-5660
-5844
-5845
-5834
-5833
-5705
-5400
-4953
-4810
-5083
-5420
-5584
-5624
-5696
-5726
-5680
-5310
-4953
-4848
-5059
-5475
-5684
-5765
-5753
-5657
-5621
-5245
-4929
-4872
-5191
-5539
