NbData=92
-11566
-11588
-11590
-11619
-11525
-11258
-10784
-10494
-10350
-10488
-10824
-10863
-10664
-10538
-10572
-10459
-10032
-9704
-9625
-9792
-10086
-10167
-10266
-10320
-10182
-10007
-9442
-8889
-8495
-8286
-8426
-8345
-7864
-8236
-8312
-8086
-7855
-8014
-7801
-7728
-7786
-7669
-7612
-7328
-7179
-6914
-6348
-5964
-6025
-6304
-6670
-6733
-6731
-6705
-6601
-6376
-5866
-5481
-5396
-5712
-5899
-6054
-6073
-6235
-6208
-6014
-5446
-5004
-4967
-5314
-5549
-5620
-5624
-5628
-5565
-5376
-4686
-4162
-4113
-4479
-4708
-4928
-5093
-5241
-5312
-5120
-4822
-4566
-4586
-4875
-5278
-5580
