NbData=108
-6334
-6384
-6584
-6535
-6107
-5753
-5664
-6026
-6460
-6535
-6569
-6649
-6704
-6416
-5800
-5584
-5632
-6022
-6420
-6432
-6262
-6469
-6461
-6334
-6044
-5758
-5852
-6218
-6596
-6694
-6828
-6778
-6730
-6480
-5976
-5680
-5644
-6104
-6497
-6461
-6493
-6579
-6576
-6282
-5800
-5450
-5627
-6189
-6588
-6548
-6496
-6468
-6407
-6264
-5827
-5689
-5805
-5961
-6276
-6393
-6352
-6396
-6236
-6126
-5722
-5363
-5417
-5745
-6105
-6294
-6397
-6381
-6364
-6208
-5808
-5456
-5513
-5855
-6110
-6210
-6185
-6137
-6184
-6004
-5544
-5290
-5344
-5712
-5913
-5792
-5780
-5621
-5445
-5390
-5145
-4897
-4992
-5388
-5696
-5742
-5808
-5952
-5737
-5360
-4891
-4848
-4798
-4843
