NbData=108
-6080
-6196
-6177
-6078
-5664
-5360
-5392
-5668
-5966
-6093
-6059
-5934
-5976
-5859
-5272
-4848
-4870
-5256
-5617
-5640
-5584
-5584
-5459
-5088
-4470
-4035
-3903
-4298
-4790
-5024
-5132
-5177
-5168
-5072
-4624
-4233
-4240
-4540
-4847
-4950
-4876
-4929
-5001
-4984
-4655
-4296
-4332
-4608
-5073
-5215
-5302
-5552
-5731
-5698
-5325
-5017
-5040
-5393
-5796
-6017
-6112
-6225
-6301
-6237
-5904
-5626
-5579
-5787
-6230
-6687
-6845
-7024
-7104
-7000
-6605
-6246
-6286
-6600
-7079
-7296
-7144
-7273
-7387
-7179
-6784
-6467
-6531
-6905
-7402
-7504
-7467
-7430
-7479
-7488
-7161
-7008
-7228
-7568
-7916
-8176
-8145
-8024
-8098
-8031
-7538
-7053
-7083
-7412
