NbData=92
15826
14721
13840
12903
12062
11474
11146
10707
10109
9264
8212
7356
6753
6166
5591
5232
5207
5136
4656
3968
3325
2924
2677
2408
2151
1944
2136
2307
2098
1686
1248
1058
882
775
756
625
688
780
674
393
7
-314
-506
-538
-579
-508
-236
-38
-16
-160
-544
-772
-876
-888
-991
-936
-541
-342
-409
-754
-1245
-1526
-1515
-1528
-1591
-1530
-1181
-850
-864
-1134
-1631
-1869
-1958
-2102
-2223
-2173
-1868
-1608
-1616
-1917
-2349
-2533
-2586
-2799
-2903
-2825
-2463
-2122
-2236
-2608
-3020
-3161
