NbData=92
-5754
-5492
-5339
-5185
-4944
-4800
-4546
-4566
-4869
-5392
-6143
-6684
-7033
-7231
-7324
-7000
-6396
-5961
-6048
-6241
-6555
-6653
-6572
-6505
-6420
-6162
-5680
-5160
-4966
-5232
-5599
-5688
-5794
-5776
-5741
-5584
-5177
-4816
-4781
-5098
-5418
-5335
-5060
-4912
-5063
-5121
-4826
-4634
-4639
-4905
-5236
-5289
-5280
-5242
-5204
-5100
-4552
-4160
-4124
-4416
-5033
-5172
-5095
-5226
-5338
-5208
-4876
-4570
-4636
-4982
-5324
-5565
-5676
-5772
-5743
-5694
-5289
-4989
-5152
-5569
-6018
-6120
-6155
-6016
-5930
-5756
-5533
-5280
-5259
-5654
-6017
-6021
