NbData=108
-5848
-5871
-5858
-5872
-5696
-5264
-5014
-5113
-5452
-5836
-5984
-5990
-5980
-6080
-5959
-5500
-5232
-5292
-5537
-5882
-5986
-6040
-6064
-6062
-5909
-5470
-5165
-5184
-5505
-5841
-5988
-6078
-6044
-6043
-5858
-5429
-5109
-5192
-5540
-5960
-6074
-6081
-6112
-6032
-5840
-5442
-5114
-5196
-5527
-5880
-5977
-5953
-5927
-5884
-5808
-5426
-5111
-5209
-5536
-5895
-6079
-6140
-6082
-6108
-5919
-5504
-5197
-5229
-5638
-6014
-6144
-6212
-6192
-6136
-5933
-5504
-5180
-5291
-5651
-6061
-6156
-6180
-6230
-6177
-6016
-5564
-5196
-5226
-5620
-5913
-6096
-6138
-6118
-6078
-5860
-5448
-5161
-5152
-5501
-5890
-6019
-6104
-6128
-6139
-6005
-5545
-5225
-5296
