NbData=92
-7627
-7736
-7768
-7941
-8032
-7913
-7567
-7304
-7232
-7578
-8048
-8080
-7955
-7808
-7808
-7590
-7067
-6742
-6708
-7003
-7265
-7365
-7340
-7392
-7453
-7307
-6757
-6320
-6231
-6468
-6824
-6905
-6816
-6568
-6254
-5897
-5280
-4691
-4236
-4057
-3853
-3411
-2912
-2444
-2121
-1768
-1173
-675
-688
-1190
-1741
-2048
-2365
-2768
-3241
-3620
-3392
-2912
-2873
-3116
-3397
-3520
-3736
-3866
-3908
-3845
-3534
-3385
-3424
-3725
-3995
-4161
-4276
-4252
-4200
-3996
-3776
-3696
-3800
-4128
-4465
-4515
-4414
-4432
-4474
-4435
-4233
-4043
-4173
-4431
-4784
-4981
