NbData=92
-3664
-4080
-4363
-4537
-4584
-4680
-4666
-4374
-3969
-3852
-4143
-4552
-4870
-4959
-4983
-5097
-5076
-4781
-4369
-4167
-4396
-4835
-5130
-5161
-5274
-5291
-5257
-4938
-4545
-4356
-4562
-4988
-5247
-5328
-5416
-5384
-5344
-5056
-4621
-4496
-4675
-4950
-5248
-5379
-5410
-5385
-5334
-5052
-4617
-4436
-4649
-4992
-5324
-5389
-5352
-5381
-5342
-5070
-4681
-4524
-4782
-5136
-5360
-5391
-5434
-5429
-5444
-5117
-4657
-4524
-4712
-4992
-5348
-5483
-5528
-5541
-5408
-5130
-4667
-4462
-4662
-5102
-5380
-5420
-5461
-5432
-5400
-5098
-4728
-4510
-4684
-5120
