NbData=92
-4640
-5006
-5321
-5340
-5387
-5434
-5450
-5161
-4750
-4476
-4564
-4894
-5278
-5360
-5372
-5452
-5447
-5204
-4785
-4541
-4554
-4900
-5231
-5314
-5344
-5300
-5352
-5120
-4655
-4433
-4552
-4929
-5256
-5356
-5344
-5324
-5444
-5194
-4703
-4503
-4658
-4954
-5285
-5536
-5631
-5674
-5728
-5542
-5084
-4744
-4697
-4816
-4885
-4591
-4302
-3999
-3664
-3232
-2517
-2076
-2080
-2285
-2508
-2644
-2889
-3157
-3393
-3582
-3600
-3887
-4396
-4864
-5122
-5213
-5227
-5201
-5243
-5221
-4816
-4471
-4557
-4874
-5232
-5250
-5168
-5118
-5072
-4880
-4443
-4156
-4262
-4720
