NbData=108
-3628
-3761
-3757
-3690
-3682
-3504
-3048
-2710
-2704
-2975
-3367
-3520
-3523
-3545
-3472
-3439
-3092
-2772
-2802
-3151
-3577
-3757
-3806
-3828
-3858
-3768
-3336
-3089
-3180
-3572
-3995
-4185
-4272
-4298
-4348
-4251
-3894
-3622
-3651
-4028
-4456
-4683
-4698
-4680
-4745
-4618
-4249
-4012
-4080
-4338
-4681
-4812
-4959
-4943
-4928
-4795
-4438
-4143
-4213
-4548
-4935
-5132
-5138
-5068
-5068
-4960
-4518
-4216
-4205
-4480
-4843
-5063
-5064
-5056
-5069
-4941
-4527
-4233
-4240
-4588
-4977
-5073
-5093
-5102
-5099
-4956
-4510
-4172
-4232
-4551
-4984
-5166
-5219
-5168
-5107
-4960
-4575
-4341
-4348
-4640
-5037
-5190
-5215
-5176
-5254
-5066
-4619
-4332
