NbData=108
-6691
-6656
-6628
-6584
-6199
-5732
-5584
-5759
-6147
-6302
-6247
-6232
-6233
-6112
-5740
-5335
-5140
-5320
-5633
-5991
-5982
-5974
-5982
-5878
-5518
-5004
-4750
-4926
-5392
-5679
-5711
-5721
-5749
-5720
-5366
-4940
-4789
-5030
-5456
-5732
-5840
-5868
-5839
-5858
-5544
-5153
-4972
-5166
-5600
-6004
-6157
-6232
-6317
-6377
-6096
-5720
-5550
-5804
-6364
-6685
-6751
-6837
-6907
-6941
-6636
-6219
-6112
-6352
-6832
-7052
-7089
-7101
-7195
-7170
-6848
-6425
-6286
-6531
-6892
-7252
-7352
-7351
-7411
-7395
-7074
-6620
-6450
-6711
-7176
-7376
-7381
-7482
-7439
-7483
-7172
-6711
-6498
-6666
-7142
-7374
-7383
-7424
-7449
-7442
-7088
-6683
-6584
-6808
