NbData=92
-7029
-6950
-6955
-6976
-7002
-6892
-6542
-6363
-6390
-6732
-6896
-6992
-7098
-7039
-7036
-6896
-6512
-6281
-6329
-6618
-6868
-6887
-6973
-7079
-7063
-7048
-6649
-6252
-6282
-6726
-7072
-7081
-7029
-6955
-6967
-6924
-6576
-6269
-6381
-6841
-7151
-7296
-6945
-6956
-6971
-6851
-6480
-6117
-6374
-6773
-7162
-7184
-7158
-7067
-6984
-6832
-6455
-6154
-6105
-6416
-6862
-7040
-7067
-7112
-7245
-7200
-6745
-6172
-6128
-6592
-7016
-7054
-7016
-7056
-7125
-7097
-6925
-6600
-6640
-6937
-7073
-7153
-7159
-7184
-7323
-7121
-6681
-6440
-6400
-6768
-7280
-7401
