NbData=108
-5576
-5678
-5731
-5791
-5574
-5185
-5056
-5227
-5552
-5870
-5991
-6012
-6080
-6116
-5904
-5520
-5298
-5481
-5936
-6245
-6280
-6337
-6422
-6397
-6121
-5752
-5544
-5668
-6078
-6410
-6476
-6523
-6472
-6462
-6168
-5684
-5478
-5757
-6238
-6487
-6588
-6694
-6717
-6688
-6437
-5992
-5820
-5966
-6393
-6689
-6782
-6841
-6844
-6832
-6528
-6026
-5794
-5936
-6320
-6665
-6703
-6718
-6754
-6749
-6471
-6073
-5853
-5968
-6348
-6583
-6594
-6623
-6636
-6624
-6407
-5942
-5671
-5840
-6189
-6466
-6588
-6583
-6564
-6554
-6286
-5856
-5695
-5840
-6192
-6496
-6597
-6640
-6640
-6604
-6288
-5843
-5627
-5785
-6274
-6620
-6632
-6642
-6648
-6628
-6382
-5884
-5589
-5736
