NbData=92
-5592
-5904
-6044
-6090
-6072
-6035
-5902
-5474
-5190
-5221
-5572
-5936
-6100
-6158
-6207
-6128
-5933
-5511
-5222
-5273
-5613
-5962
-6111
-6112
-6090
-6045
-5881
-5496
-5196
-5268
-5604
-5824
-5984
-6041
-6020
-6005
-5881
-5493
-5160
-5240
-5584
-5948
-6127
-6145
-6112
-6118
-5892
-5443
-5129
-5177
-5548
-5954
-6057
-6104
-6108
-6076
-5972
-5453
-5168
-5219
-5534
-5872
-5994
-6022
-6029
-6020
-5855
-5499
-5184
-5193
-5509
-5870
-6068
-6113
-6113
-6053
-5926
-5520
-5020
-5092
-5486
-5902
-6000
-6032
-6020
-6064
-5882
-5424
-5135
-5188
-5465
-5789
