NbData=108
-5732
-5811
-5825
-5806
-5760
-5366
-5053
-4994
-5276
-5664
-5784
-5865
-5925
-5920
-5880
-5514
-5128
-4972
-5210
-5660
-5788
-5822
-5846
-5887
-5821
-5423
-5007
-4848
-5121
-5551
-5787
-5898
-5824
-5752
-5680
-5272
-4971
-4965
-5212
-5632
-5792
-5904
-5963
-6027
-6029
-5760
-5458
-5419
-5654
-6044
-6156
-6026
-5792
-5548
-5184
-4481
-3821
-3419
-3318
-3384
-3486
-3401
-3340
-3354
-3416
-3336
-3164
-3414
-4052
-5004
-5672
-5980
-6096
-5931
-5808
-5403
-5100
-4996
-5457
-5988
-6102
-6050
-5968
-5928
-5805
-5407
-4960
-4832
-4993
-5372
-5673
-5769
-5764
-5806
-5755
-5384
-4986
-4886
-5128
-5552
-5765
-5819
-5868
-5868
-5752
-5344
-5041
-4968
