NbData=92
-5803
-6141
-6312
-6266
-6254
-6309
-6089
-5672
-5410
-5460
-5914
-6240
-6288
-6292
-6352
-6395
-6144
-5638
-5391
-5482
-5921
-6263
-6348
-6314
-6297
-6315
-6130
-5679
-5436
-5534
-5900
-6208
-6328
-6283
-6344
-6391
-6080
-5624
-5410
-5509
-5937
-6296
-6373
-6363
-6340
-6363
-6176
-5767
-5488
-5531
-5900
-6214
-6299
-6393
-6415
-6403
-6203
-5729
-5492
-5577
-5879
-6164
-6356
-6455
-6400
-6323
-6165
-5708
-5456
-5485
-5860
-6234
-6340
-6383
-6364
-6320
-6074
-5691
-5453
-5524
-5964
-6252
-6332
-6312
-6348
-6417
-6131
-5719
-5435
-5524
-5870
-6168
