NbData=108
-5045
-5097
-5071
-5096
-4960
-4424
-4032
-3999
-4268
-4547
-4623
-4640
-4603
-4588
-4446
-3969
-3644
-3664
-3964
-4351
-4455
-4444
-4416
-4397
-4266
-3806
-3463
-3483
-3695
-3944
-4157
-4230
-4235
-4352
-4230
-3844
-3550
-3517
-3882
-4308
-4504
-4614
-4652
-4698
-4589
-4176
-3910
-4014
-4384
-4919
-5146
-5177
-5247
-5216
-5080
-4702
-4401
-4429
-4875
-5248
-5564
-5600
-5610
-5548
-5489
-5148
-4881
-4944
-5233
-5590
-5715
-5733
-5832
-5817
-5674
-5276
-5001
-5020
-5208
-5612
-5802
-5784
-5853
-5852
-5776
-5349
-4986
-5000
-5289
-5616
-5789
-5852
-5873
-5932
-5817
-5401
-5066
-5027
-5324
-5728
-5908
-5908
-5981
-6005
-5792
-5320
-5014
-5004
