NbData=108
-9013
-9115
-9242
-9177
-8673
-8264
-8234
-8545
-9033
-9248
-9258
-9324
-9361
-9194
-8697
-8400
-8354
-8624
-9074
-9352
-9380
-9375
-9376
-9260
-8826
-8434
-8508
-8884
-9296
-9384
-9387
-9381
-9404
-9249
-8716
-8370
-8272
-8552
-9062
-9453
-9588
-9598
-9576
-9436
-8900
-8384
-8136
-8125
-8217
-8043
-7704
-7345
-7168
-6858
-6313
-5761
-5596
-5850
-6320
-6722
-7088
-7603
-8304
-8713
-8616
-8580
-8666
-8891
-9240
-9491
-9552
-9609
-9600
-9407
-8816
-8350
-8280
-8624
-9154
-9352
-9370
-9360
-9148
-8844
-8412
-8246
-8296
-8592
-8927
-8930
-8949
-9128
-9264
-9248
-8897
-8608
-8603
-8894
-9353
-9552
-9488
-9576
-9737
-9640
-9114
-8472
-8261
-8560
