NbData=92
-4892
-5206
-5481
-5551
-5558
-5548
-5484
-5228
-4832
-4688
-4848
-5184
-5453
-5536
-5523
-5534
-5568
-5297
-4784
-4595
-4716
-5096
-5366
-5444
-5494
-5520
-5466
-5226
-4830
-4615
-4773
-5164
-5435
-5514
-5491
-5484
-5462
-5120
-4740
-4620
-4743
-5001
-5392
-5539
-5504
-5533
-5486
-5196
-4765
-4592
-4769
-5148
-5382
-5508
-5458
-5476
-5456
-5208
-4792
-4574
-4776
-5188
-5416
-5457
-5492
-5532
-5480
-5178
-4766
-4548
-4667
-4986
-5214
-5258
-5272
-5316
-5268
-5000
-4548
-4424
-4588
-5050
-5351
-5453
-5517
-5512
-5484
-5162
-4742
-4559
-4711
-5068
