NbData=108
-6260
-6014
-5792
-5378
-4697
-4085
-3884
-4025
-4348
-4510
-4748
-5098
-5360
-5525
-5452
-5548
-6045
-6730
-7425
-7664
-7584
-7603
-7764
-7709
-7396
-7168
-7206
-7466
-7788
-7851
-7832
-7785
-7758
-7504
-6998
-6596
-6482
-6760
-7201
-7448
-7513
-7628
-7768
-7688
-7339
-6972
-6897
-7192
-7582
-7672
-7615
-7615
-7516
-7369
-6944
-6683
-6735
-7003
-7520
-7823
-7817
-7861
-7872
-7708
-7196
-6818
-6700
-7038
-7394
-7526
-7613
-7569
-7584
-7518
-7154
-6752
-6630
-6960
-7473
-7648
-7523
-7561
-7522
-7340
-6861
-6538
-6555
-6864
-7323
-7420
-7335
-7296
-7291
-7182
-6847
-6546
-6505
-6837
-7152
-7401
-7411
-7270
-7228
-7267
-6888
-6544
-6448
-6720
