NbData=108
-6112
-6000
-6000
-5871
-5608
-5328
-5406
-5748
-6220
-6228
-6201
-6282
-6317
-6051
-5508
-5090
-5184
-5609
-5910
-6031
-6245
-6358
-6364
-6106
-5433
-4984
-4921
-5487
-6032
-6424
-6592
-6713
-6519
-6209
-5821
-5590
-5673
-5973
-6265
-6353
-6410
-6331
-6236
-6048
-5584
-5284
-5376
-5805
-6219
-6423
-6491
-6532
-6398
-6112
-5600
-5321
-5492
-5810
-6284
-6533
-6608
-6596
-6416
-6226
-5872
-5464
-5494
-5868
-6252
-6416
-6476
-6479
-6528
-6262
-5643
-5326
-5389
-5850
-6313
-6488
-6476
-6316
-6384
-6185
-5862
-5616
-5547
-5777
-6191
-6282
-6123
-6104
-6160
-6112
-5760
-5496
-5658
-6161
-6471
-6492
-6520
-6457
-6408
-6138
-5632
-5384
-5476
-5726
