NbData=92
-8404
-8513
-8556
-8573
-8595
-8528
-8011
-7726
-7752
-8104
-8536
-8695
-8631
-8608
-8584
-8532
-8249
-8036
-8142
-8540
-9040
-9192
-9173
-9128
-9125
-8890
-8386
-8043
-8140
-8448
-8823
-9009
-9158
-9275
-9358
-9222
-8840
-8567
-8415
-8653
-9064
-9242
-9212
-9241
-9192
-9050
-8744
-8587
-8720
-9051
-9349
-9532
-9539
-9608
-9602
-9367
-8781
-8379
-8613
-9037
-9438
-9568
-9472
-9290
-9087
-8848
-8447
-8208
-8290
-8606
-8936
-9098
-9096
-8968
-8964
-8836
-8480
-8150
-8229
-8456
-8694
-8739
-8646
-8606
-8475
-8275
-7950
-7737
-7722
-8049
-8348
-8381
