NbData=92
-8980
-8930
-8838
-8853
-8981
-9040
-8586
-8116
-7957
-8360
-8883
-9048
-8960
-8940
-8929
-8728
-8118
-7584
-7457
-7850
-8324
-8624
-8507
-8586
-8736
-8832
-8505
-8141
-8057
-8277
-8679
-8718
-8555
-8576
-8624
-8552
-8074
-7671
-7541
-7829
-8297
-8399
-8314
-8461
-8596
-8625
-8264
-7884
-7812
-7997
-8110
-8176
-8088
-8025
-7872
-7771
-7359
-6979
-6917
-7244
-7676
-7790
-7727
-7690
-7692
-7576
-7160
-6832
-6872
-7197
-7616
-7725
-7756
-7665
-7672
-7576
-7184
-6847
-6911
-7296
-7744
-7935
-7897
-8048
-8118
-8057
-7575
-7096
-7036
-7478
-7888
-8161
