NbData=92
-4196
-4520
-4892
-5140
-5180
-5149
-5156
-5028
-4665
-4337
-4361
-4692
-5040
-5152
-5136
-5120
-5116
-4928
-4557
-4285
-4292
-4669
-5028
-5091
-5172
-5108
-5085
-4929
-4487
-4256
-4288
-4584
-4976
-5066
-5126
-5173
-5141
-4980
-4593
-4261
-4298
-4586
-4943
-5048
-5091
-5104
-5045
-4840
-4452
-4124
-4073
-4426
-4784
-4936
-4904
-4893
-4881
-4719
-4300
-3932
-3880
-4216
-4604
-4700
-4679
-4678
-4652
-4533
-4026
-3693
-3650
-3944
-4293
-4441
-4416
-4384
-4336
-4212
-3788
-3445
-3392
-3632
-3937
-4075
-4071
-3989
-3932
-3725
-3265
-2959
-2953
-3299
