NbData=92
-4768
-5131
-5445
-5526
-5590
-5560
-5470
-5251
-4813
-4641
-4751
-5058
-5346
-5463
-5468
-5476
-5448
-5136
-4727
-4501
-4640
-5039
-5304
-5408
-5472
-5498
-5540
-5214
-4740
-4591
-4685
-5038
-5286
-5357
-5360
-5339
-5347
-5081
-4679
-4328
-4409
-4756
-5092
-5156
-5178
-5200
-5144
-4808
-4384
-4096
-4145
-4516
-4800
-4912
-4932
-4908
-4859
-4512
-4060
-3834
-4032
-4349
-4601
-4671
-4591
-4528
-4422
-4157
-3737
-3450
-3640
-3988
-4290
-4356
-4457
-4442
-4396
-4086
-3552
-3327
-3494
-3822
-4141
-4154
-4152
-4170
-4121
-3779
-3358
-3166
-3251
-3736
