NbData=108
-5482
-5451
-5286
-4861
-4404
-3977
-4016
-4396
-4672
-4885
-4976
-4972
-4896
-4694
-4325
-3980
-3997
-4387
-4717
-4696
-4641
-4589
-4580
-4499
-4122
-3836
-3804
-4228
-4665
-4687
-4576
-4505
-4513
-4356
-4073
-3822
-3799
-4096
-4480
-4737
-4825
-4900
-4937
-4911
-4520
-4092
-3935
-4243
-4580
-4542
-4568
-4756
-4810
-4697
-4329
-4176
-4280
-4653
-5275
-5403
-5328
-5076
-4969
-4881
-4406
-3868
-3563
-3356
-2960
-2930
-2816
-2844
-3062
-3040
-2702
-2616
-2966
-3844
-4892
-5694
-6368
-6871
-7204
-7230
-6944
-6749
-6864
-7256
-7662
-7900
-7835
-7890
-8153
-8160
-7992
-7704
-7641
-7840
-8156
-8119
-8144
-8211
-8368
-8269
-7924
-7709
-7812
-7995
