NbData=92
-5197
-5386
-5273
-5187
-5194
-5053
-4598
-4333
-4304
-4579
-4812
-4944
-4978
-5001
-4928
-4792
-4292
-3874
-3942
-4328
-4797
-5047
-5040
-5092
-5208
-5104
-4692
-4476
-4569
-4960
-5329
-5465
-5477
-5552
-5594
-5464
-5009
-4683
-4761
-5056
-5506
-5648
-5652
-5739
-5824
-5724
-5190
-4810
-4852
-5345
-5792
-5969
-6000
-6068
-6106
-5968
-5514
-5148
-5182
-5545
-5804
-6015
-6199
-6345
-6448
-6392
-6055
-5590
-5542
-5898
-6403
-6426
-6265
-6338
-6551
-6516
-6086
-5728
-5818
-6293
-6704
-6878
-6901
-7001
-6924
-6728
-6308
-5955
-5945
-6281
-6593
-6540
