NbData=92
-3624
-3569
-3528
-3723
-3816
-3730
-3280
-3008
-3097
-3414
-3683
-3693
-3545
-3583
-3580
-3360
-3040
-2904
-3049
-3488
-3691
-3789
-3964
-3872
-3688
-3516
-3125
-2768
-2953
-3303
-3580
-3680
-3720
-3710
-3628
-3398
-3012
-2906
-3065
-3392
-3722
-3879
-3897
-3789
-3709
-3566
-3146
-2752
-2819
-3104
-3449
-3741
-3748
-3678
-3711
-3372
-2907
-2732
-2785
-3054
-3318
-3453
-3420
-3352
-3355
-3112
-2704
-2480
-2617
-2870
-3200
-3257
-3225
-3174
-3230
-3032
-2629
-2368
-2484
-2791
-3012
-2961
-2970
-2978
-2858
-2672
-2232
-2003
-2106
-2559
-2885
-3076
