NbData=108
-7184
-7120
-7062
-7028
-6800
-6405
-6168
-6273
-6592
-6896
-6969
-6998
-7052
-7030
-6704
-6332
-6110
-6281
-6645
-6942
-7021
-7000
-7030
-6962
-6677
-6236
-5945
-6155
-6548
-6876
-6896
-6941
-6931
-6876
-6583
-6188
-6101
-6345
-6792
-7121
-7284
-7297
-7273
-7071
-6584
-5924
-5452
-5234
-5287
-5192
-4893
-4620
-4448
-4277
-3950
-3495
-3408
-3799
-4460
-5065
-5532
-6005
-6474
-6841
-6825
-6264
-5897
-6039
-6443
-6777
-6949
-7047
-7041
-6884
-6568
-6089
-5916
-6055
-6342
-6576
-6600
-6596
-6645
-6636
-6366
-5926
-5840
-6016
-6410
-6689
-6739
-6771
-6832
-6761
-6474
-6075
-5889
-6043
-6406
-6644
-6672
-6741
-6800
-6798
-6470
-6127
-5910
-6059
