NbData=92
-4425
-4500
-4448
-4529
-4613
-4544
-4161
-3904
-3993
-4322
-4704
-4875
-4913
-4832
-4804
-4488
-4033
-3824
-3964
-4373
-4756
-4796
-4889
-4776
-4736
-4505
-4204
-3970
-4152
-4605
-4949
-4988
-5039
-4968
-5044
-4868
-4506
-4156
-4106
-4415
-4650
-4544
-4501
-4629
-4660
-4620
-4315
-4114
-4232
-4553
-4810
-4786
-4841
-4924
-5033
-4876
-4360
-4092
-4188
-4553
-4848
-4892
-4898
-4960
-5021
-4815
-4352
-3997
-4133
-4577
-5048
-5160
-5218
-5244
-5114
-4872
-4528
-4216
-4348
-4651
-5050
-4977
-5033
-5116
-5097
-4880
-4488
-4219
-4204
-4577
-5001
-5109
