NbData=108
-6270
-6351
-6423
-6457
-6319
-5943
-5696
-5798
-6164
-6435
-6391
-6272
-6096
-5805
-5312
-4457
-3866
-3608
-3708
-3820
-3785
-3691
-3551
-3596
-3639
-3427
-3444
-3824
-4531
-5392
-6007
-6286
-6416
-6371
-6128
-5694
-5447
-5537
-6020
-6400
-6424
-6366
-6297
-6300
-6060
-5568
-5180
-5169
-5518
-5897
-5935
-5879
-5947
-6044
-5842
-5414
-5190
-5279
-5600
-5925
-6088
-6101
-6067
-6067
-5888
-5408
-5068
-5121
-5497
-5982
-6023
-6030
-6010
-5994
-5731
-5344
-5117
-5153
-5472
-5812
-5917
-6008
-5992
-5977
-5803
-5342
-5025
-5132
-5469
-5724
-5856
-5909
-5944
-5920
-5759
-5255
-4900
-4984
-5337
-5669
-5728
-5774
-5711
-5660
-5445
-4976
-4636
-4668
