NbData=92
-3167
-3537
-3904
-4068
-4120
-4124
-4068
-3910
-3578
-3366
-3513
-3902
-4323
-4442
-4457
-4540
-4591
-4387
-4005
-3776
-3884
-4248
-4568
-4709
-4768
-4877
-4848
-4640
-4285
-4065
-4208
-4544
-4893
-4990
-5031
-5040
-4997
-4838
-4430
-4156
-4260
-4544
-4868
-5084
-5146
-5128
-5088
-4915
-4478
-4251
-4303
-4705
-5032
-5109
-5109
-5167
-5149
-4964
-4553
-4302
-4288
-4703
-5036
-5065
-5112
-5157
-5224
-5105
-4664
-4348
-4395
-4706
-5051
-5184
-5216
-5222
-5214
-5077
-4605
-4320
-4405
-4732
-5072
-5236
-5248
-5303
-5308
-5136
-4748
-4506
-4658
-4928
