NbData=92
-1080
-1271
-1321
-1196
-1102
-874
-480
-260
-339
-696
-984
-944
-1011
-1111
-1127
-878
-335
-96
-329
-816
-1020
-1099
-1209
-1295
-1264
-992
-424
-187
-319
-620
-823
-1020
-1103
-1214
-1306
-1120
-679
-393
-448
-778
-987
-1092
-1240
-1264
-1228
-976
-560
-274
-350
-857
-1185
-1263
-1304
-1353
-1376
-1192
-655
-313
-484
-1017
-1287
-1416
-1404
-1470
-1472
-1223
-717
-379
-489
-1029
-1292
-1340
-1365
-1452
-1568
-1464
-998
-790
-948
-1385
-1661
-1684
-1681
-1683
-1636
-1211
-608
-300
35
162
218
447
