NbData=92
-3042
-3204
-3252
-3226
-3242
-2902
-2465
-2292
-2306
-2448
-2804
-3061
-3264
-3194
-3065
-2891
-2484
-2238
-2168
-2472
-2816
-3001
-3124
-3184
-3103
-3008
-2604
-2256
-2394
-2781
-2993
-2973
-2996
-3049
-3111
-2912
-2505
-2308
-2400
-2796
-3205
-3208
-3196
-3211
-3151
-2892
-2421
-2258
-2518
-3004
-3242
-3245
-3232
-3161
-3223
-3004
-2554
-2368
-2566
-2909
-3221
-3434
-3524
-3372
-3422
-3183
-2720
-2465
-2472
-2737
-3104
-3274
-3317
-3328
-3304
-3118
-2726
-2617
-2684
-2937
-3231
-3293
-3263
-3294
-3314
-2976
-2540
-2375
-2496
-2817
-3287
-3333
