NbData=108
-4848
-5054
-5136
-5138
-5158
-5025
-4632
-4283
-4328
-4670
-4970
-5146
-5133
-5185
-5177
-5054
-4603
-4267
-4340
-4624
-5000
-5202
-5260
-5343
-5294
-5133
-4712
-4432
-4400
-4785
-5154
-5297
-5285
-5313
-5321
-5134
-4684
-4436
-4426
-4660
-5110
-5304
-5288
-5244
-5254
-5065
-4704
-4384
-4425
-4811
-5173
-5285
-5326
-5308
-5352
-5204
-4819
-4523
-4540
-4798
-5124
-5340
-5457
-5552
-5610
-5542
-5161
-4957
-4905
-5118
-5289
-5242
-5016
-4703
-4388
-3832
-3070
-2427
-2116
-2237
-2442
-2501
-2520
-2604
-2927
-3010
-2911
-2978
-3510
-4322
-5035
-5424
-5320
-5288
-5304
-5200
-4889
-4643
-4670
-4931
-5184
-5357
-5359
-5312
-5232
-5040
-4500
-4191
