NbData=92
-5337
-5952
-6351
-6892
-7390
-7726
-7525
-7003
-6709
-6966
-7470
-7793
-7866
-7879
-7832
-7753
-7353
-6924
-6672
-6796
-7214
-7490
-7422
-7321
-7449
-7492
-7153
-6704
-6552
-6737
-7144
-7472
-7610
-7670
-7658
-7604
-7220
-6793
-6648
-6856
-7275
-7532
-7541
-7576
-7578
-7552
-7168
-6801
-6635
-6844
-7308
-7510
-7520
-7531
-7514
-7488
-7101
-6657
-6501
-6669
-7103
-7320
-7284
-7299
-7313
-7306
-6882
-6416
-6204
-6493
-7012
-7268
-7271
-7248
-7242
-7178
-6751
-6330
-6128
-6306
-6712
-6925
-6911
-6831
-6781
-6773
-6426
-6010
-5852
-6036
-6467
-6704
