NbData=108
-5461
-5431
-5423
-5465
-5387
-5092
-4640
-4444
-4644
-5010
-5345
-5405
-5396
-5388
-5389
-5075
-4685
-4568
-4795
-5231
-5411
-5441
-5392
-5447
-5380
-5052
-4669
-4535
-4702
-5078
-5367
-5394
-5376
-5318
-5323
-4976
-4500
-4379
-4494
-4828
-5004
-5011
-5060
-5097
-5072
-4738
-4329
-4160
-4368
-4680
-4894
-4929
-4847
-4825
-4720
-4340
-3921
-3793
-3977
-4361
-4632
-4561
-4551
-4497
-4380
-4009
-3573
-3346
-3504
-3904
-4112
-4094
-4112
-4126
-4048
-3696
-3181
-3000
-3163
-3561
-3776
-3749
-3775
-3737
-3753
-3468
-3046
-2868
-3066
-3386
-3640
-3751
-3824
-3853
-3774
-3552
-3114
-2940
-3172
-3608
-3911
-4009
-4064
-4097
-4127
-3907
-3563
-3464
