NbData=108
-3149
-3104
-2946
-2680
-2320
-2072
-2168
-2331
-2649
-2847
-2950
-3036
-3172
-3066
-2592
-2464
-2604
-3089
-3328
-3448
-3534
-3564
-3673
-3568
-3145
-2991
-2936
-3273
-3726
-3983
-4208
-4304
-4332
-4001
-3672
-3441
-3400
-3617
-3997
-4214
-4231
-4384
-4414
-4294
-3848
-3472
-3559
-3902
-4196
-4407
-4576
-4639
-4636
-4397
-3973
-3544
-3637
-4000
-4449
-4576
-4588
-4677
-4636
-4528
-3866
-3548
-3637
-3986
-4385
-4405
-4584
-4569
-4629
-4280
-3872
-3680
-3814
-4100
-4170
-4251
-4356
-4409
-4520
-4398
-3933
-3818
-3997
-4136
-4388
-4463
-4544
-4533
-4614
-4487
-4049
-3760
-3798
-4192
-4545
-4484
-4512
-4668
-4776
-4592
-4133
-3730
-3697
-3997
