NbData=92
-7149
-7509
-7575
-7586
-7584
-7577
-7178
-6688
-6534
-6753
-7226
-7580
-7552
-7478
-7520
-7488
-7148
-6748
-6595
-6773
-7198
-7418
-7446
-7472
-7422
-7382
-7072
-6572
-6448
-6783
-7161
-7489
-7523
-7500
-7488
-7424
-6989
-6543
-6385
-6620
-7072
-7396
-7413
-7379
-7445
-7382
-7046
-6628
-6424
-6612
-7046
-7311
-7303
-7293
-7297
-7249
-6891
-6481
-6292
-6506
-6888
-7187
-7208
-7200
-7180
-7141
-6814
-6384
-6304
-6524
-6941
-7242
-7234
-7278
-7282
-7267
-6916
-6438
-6278
-6489
-6887
-7167
-7200
-7212
-7218
-7184
-6831
-6376
-6154
-6368
-6811
-7063
