NbData=108
-6324
-6332
-6337
-6300
-6096
-5747
-5465
-5513
-5840
-6176
-6274
-6320
-6280
-6248
-6080
-5640
-5389
-5472
-5920
-6254
-6354
-6373
-6321
-6300
-6055
-5684
-5440
-5415
-5721
-6086
-6255
-6320
-6352
-6328
-6166
-5744
-5428
-5563
-5932
-6279
-6354
-6428
-6401
-6343
-6144
-5704
-5459
-5491
-5911
-6256
-6348
-6397
-6350
-6337
-6080
-5612
-5366
-5460
-5862
-6276
-6341
-6341
-6303
-6167
-5917
-5543
-5353
-5504
-5861
-6246
-6313
-6318
-6360
-6363
-6181
-5711
-5456
-5584
-5828
-6176
-6297
-6308
-6297
-6288
-6089
-5688
-5376
-5407
-5762
-6152
-6264
-6289
-6298
-6301
-6112
-5680
-5357
-5449
-5768
-6116
-6190
-6215
-6239
-6201
-5964
-5552
-5354
-5420
