NbData=92
-5084
-5391
-5453
-5510
-5529
-5412
-5184
-4715
-4407
-4494
-4822
-5158
-5217
-5168
-5141
-5116
-4861
-4349
-4036
-4096
-4450
-4759
-4762
-4769
-4834
-4809
-4569
-4162
-3827
-3826
-4024
-4439
-4570
-4588
-4550
-4508
-4345
-3920
-3645
-3632
-3951
-4291
-4390
-4428
-4412
-4426
-4257
-3869
-3626
-3655
-3993
-4396
-4496
-4556
-4652
-4677
-4485
-4093
-3880
-4058
-4423
-4864
-5085
-5106
-5144
-5227
-5096
-4672
-4415
-4544
-4898
-5287
-5440
-5475
-5587
-5563
-5409
-5041
-4768
-4869
-5258
-5630
-5766
-5824
-5903
-5878
-5658
-5264
-5008
-5081
-5371
-5680
