NbData=92
-1190
-1277
-1301
-1232
-1000
-720
-227
96
-208
-561
-846
-793
-649
-832
-969
-638
-234
-171
-186
-280
-792
-937
-1016
-956
-852
-572
-178
42
-80
-598
-945
-1039
-1051
-1085
-1024
-682
-236
-88
-213
-530
-982
-1232
-1349
-1513
-1597
-1348
-892
-736
-808
-1200
-1611
-1652
-1704
-1953
-2042
-1807
-1411
-1238
-1344
-1700
-2040
-2212
-2220
-2130
-2201
-1988
-1569
-1284
-1184
-1545
-1824
-2076
-2401
-2464
-2318
-2009
-1564
-1347
-1689
-2224
-2553
-2484
-2464
-2364
-2442
-2297
-1877
-1632
-1711
-1995
-2393
-2599
