NbData=108
-7195
-7256
-7120
-7144
-6832
-6425
-6272
-6449
-6878
-7166
-7222
-7310
-7332
-7272
-6948
-6459
-6312
-6479
-6873
-7157
-7209
-7195
-7162
-7156
-6956
-6512
-6316
-6521
-6837
-7232
-7343
-7319
-7293
-7237
-6932
-6520
-6388
-6539
-6928
-7217
-7215
-7270
-7218
-7152
-6832
-6476
-6243
-6384
-6793
-7136
-7178
-7192
-7225
-7185
-6825
-6411
-6240
-6407
-6838
-7093
-7143
-7172
-7144
-7128
-6819
-6464
-6248
-6399
-6847
-7150
-7174
-7216
-7228
-7213
-6962
-6443
-6265
-6474
-6751
-7087
-7182
-7205
-7260
-7200
-6919
-6470
-6234
-6377
-6808
-7092
-7102
-7117
-7198
-7152
-6844
-6392
-6183
-6352
-6782
-7134
-7155
-7144
-7114
-7123
-6768
-6379
-6138
-6320
