NbData=92
-9246
-9396
-9432
-9440
-9434
-9299
-8832
-8470
-8495
-8901
-9385
-9568
-9589
-9572
-9583
-9492
-9048
-8672
-8608
-8977
-9344
-9613
-9624
-9625
-9636
-9564
-9131
-8780
-8756
-8984
-9408
-9573
-9576
-9559
-9579
-9505
-9092
-8693
-8612
-8933
-9412
-9568
-9560
-9548
-9539
-9497
-9069
-8676
-8637
-8960
-9281
-9468
-9478
-9536
-9611
-9576
-9121
-8700
-8655
-8956
-9423
-9548
-9556
-9570
-9575
-9454
-9011
-8613
-8506
-8800
-9311
-9488
-9484
-9492
-9510
-9412
-9057
-8633
-8568
-8873
-9178
-9345
-9328
-9468
-9450
-9369
-8928
-8600
-8600
-8999
-9456
-9645
