NbData=108
722
812
969
1212
1571
1476
1084
473
-142
-338
-832
-1491
-1973
-1860
-1232
-900
-903
-1264
-1560
-1669
-1629
-1800
-2049
-1728
-1132
-878
-959
-1108
-1289
-1308
-1270
-1393
-1426
-1232
-814
-644
-800
-1328
-1616
-1497
-1577
-1737
-1772
-1509
-1014
-767
-800
-1169
-1568
-1626
-1740
-1632
-1746
-1592
-1152
-833
-912
-1300
-1546
-1503
-1721
-1753
-1836
-1576
-1134
-884
-964
-1198
-1332
-1547
-1673
-1756
-1721
-1451
-1020
-832
-938
-1290
-1544
-1440
-1470
-1616
-1440
-1342
-889
-675
-905
-1248
-1622
-1544
-1452
-1616
-1528
-1179
-720
-568
-649
-1112
-1428
-1501
-1483
-1486
-1280
-1088
-626
-312
-440
-903
