NbData=92
-5183
-5456
-5545
-5536
-5541
-5572
-5277
-4832
-4648
-4806
-5201
-5568
-5609
-5552
-5628
-5620
-5369
-5005
-4880
-5072
-5520
-5791
-5888
-6049
-6065
-6104
-5840
-5480
-5370
-5587
-5959
-6296
-6432
-6464
-6526
-6538
-6368
-6037
-5893
-5968
-6398
-6767
-6821
-6816
-6890
-6880
-6561
-6203
-6080
-6267
-6640
-6953
-7068
-7095
-7112
-7085
-6798
-6367
-6162
-6416
-6724
-7006
-7113
-7136
-7081
-7088
-6798
-6400
-6188
-6301
-6742
-6993
-7029
-7088
-7109
-7113
-6833
-6437
-6285
-6395
-6762
-7024
-7096
-7126
-7120
-7076
-6850
-6428
-6218
-6429
-6802
-7077
