NbData=108
-7540
-7585
-7536
-7321
-6708
-6150
-6012
-6432
-6936
-7231
-7316
-7325
-7410
-7357
-7019
-6672
-6616
-6988
-7423
-7495
-7520
-7512
-7139
-6670
-5967
-5339
-5129
-5088
-5045
-4887
-4745
-4570
-4853
-4760
-4370
-4312
-4592
-5280
-6085
-6768
-7212
-7532
-7516
-7280
-6840
-6580
-6584
-6937
-7312
-7272
-7374
-7407
-7269
-6972
-6624
-6328
-6178
-6523
-6987
-7058
-6990
-7147
-7262
-6951
-6438
-6063
-6054
-6224
-6636
-6828
-7000
-7120
-7055
-6858
-6378
-6069
-6120
-6338
-6858
-7110
-7046
-6853
-6864
-6769
-6460
-6209
-6316
-6559
-6781
-6828
-6874
-6937
-6880
-6695
-6285
-6008
-6140
-6516
-6745
-6758
-6846
-6716
-6716
-6603
-6148
-5868
-5945
-6187
