NbData=92
-6422
-6480
-6560
-6688
-6660
-6512
-6233
-5974
-5891
-6214
-6613
-6828
-6764
-6654
-6593
-6430
-5932
-5530
-5600
-5802
-6080
-6173
-6224
-6300
-6300
-6034
-5528
-5340
-5276
-5480
-5958
-6064
-5936
-5884
-5904
-5584
-5056
-4877
-4998
-5373
-5678
-5772
-5728
-5594
-5401
-5392
-5028
-4820
-4937
-5263
-5634
-5739
-5681
-5502
-5472
-5256
-4820
-4677
-4848
-5143
-5456
-5625
-5649
-5792
-5897
-5792
-5530
-5272
-5274
-5552
-5828
-6025
-6244
-6314
-6292
-6113
-5542
-5386
-5408
-5729
-6189
-6384
-6539
-6713
-6826
-6688
-6256
-5736
-5760
-6048
-6401
-6665
