NbData=108
-9632
-9658
-9694
-9569
-9135
-8769
-8716
-9021
-9486
-9615
-9574
-9593
-9592
-9527
-9098
-8695
-8644
-8920
-9305
-9570
-9600
-9612
-9648
-9531
-9030
-8728
-8648
-8874
-9292
-9417
-9360
-9356
-9408
-9407
-9056
-8672
-8575
-8854
-9312
-9488
-9463
-9468
-9542
-9482
-8976
-8612
-8633
-8929
-9351
-9528
-9488
-9489
-9521
-9434
-9019
-8627
-8596
-8905
-9372
-9621
-9637
-9616
-9609
-9488
-9045
-8672
-8652
-8960
-9263
-9502
-9625
-9685
-9696
-9568
-9114
-8701
-8634
-9002
-9435
-9648
-9644
-9668
-9609
-9547
-9162
-8800
-8673
-8992
-9354
-9560
-9599
-9608
-9628
-9581
-9196
-8892
-8898
-9261
-9805
-9988
-9924
-9782
-9559
-9264
-8568
-7888
-7504
-7461
