NbData=108
-5132
-5188
-5136
-4959
-4482
-4196
-4270
-4598
-4965
-5071
-5067
-5172
-5272
-5056
-4530
-4249
-4405
-4775
-5148
-5190
-5124
-4896
-5008
-5035
-4624
-4405
-4508
-4792
-5103
-5230
-5248
-5196
-5333
-5100
-4573
-4288
-4376
-4716
-5138
-5263
-5349
-5261
-5168
-4912
-4532
-4406
-4544
-4959
-5281
-5308
-5325
-5408
-5301
-4920
-4564
-4261
-4382
-4652
-5060
-5224
-5222
-5328
-5240
-4943
-4620
-4265
-4330
-4667
-5050
-5116
-5129
-5111
-5020
-4826
-4591
-4384
-4508
-4970
-5293
-5424
-5282
-5220
-5184
-4960
-4682
-4559
-4641
-4884
-5148
-5449
-5361
-5285
-5346
-5042
-4648
-4430
-4672
-5076
-5404
-5419
-5445
-5517
-5450
-5184
-4832
-4563
-4518
-4784
