NbData=92
-5142
-5440
-5664
-5716
-5718
-5737
-5712
-5368
-4998
-4889
-5140
-5549
-5708
-5772
-5744
-5668
-5648
-5328
-4966
-4856
-5069
-5368
-5632
-5679
-5672
-5663
-5645
-5257
-4876
-4784
-5024
-5382
-5648
-5672
-5660
-5616
-5551
-5197
-4750
-4591
-4818
-5160
-5353
-5370
-5385
-5355
-5305
-4897
-4532
-4388
-4689
-5072
-5198
-5262
-5243
-5152
-5056
-4621
-4279
-4165
-4367
-4664
-4836
-4788
-4764
-4704
-4664
-4280
-3828
-3655
-3864
-4302
-4498
-4506
-4544
-4520
-4390
-4059
-3664
-3539
-3802
-4159
-4333
-4275
-4316
-4364
-4312
-3951
-3569
-3418
-3655
-4112
