NbData=108
-8992
-9092
-9164
-9054
-8620
-8283
-8160
-8453
-8936
-9129
-9124
-9144
-9168
-9161
-8736
-8335
-8234
-8543
-8914
-9183
-9195
-9196
-9235
-9136
-8733
-8328
-8198
-8412
-8943
-9156
-9120
-9115
-9064
-8964
-8544
-8132
-8032
-8321
-8773
-8856
-8752
-8761
-8736
-8608
-8136
-7721
-7616
-7934
-8300
-8559
-8520
-8510
-8494
-8331
-7866
-7432
-7231
-7512
-8030
-8198
-8119
-8107
-8080
-7943
-7488
-7022
-6856
-7102
-7572
-7768
-7688
-7664
-7588
-7459
-7038
-6565
-6376
-6633
-7100
-7345
-7300
-7243
-7242
-7162
-6736
-6336
-6223
-6539
-7046
-7188
-7152
-7101
-6970
-6892
-6552
-6192
-6037
-6360
-6916
-7167
-7167
-7217
-7264
-7207
-6824
-6442
-6368
-6668
