NbData=108
-3248
-3320
-3492
-3377
-2844
-2596
-2580
-2852
-3252
-3368
-3345
-3422
-3400
-3228
-2739
-2640
-2798
-3064
-3329
-3560
-3497
-3504
-3539
-3277
-2740
-2536
-2715
-2940
-3344
-3232
-3187
-3364
-3624
-3415
-2886
-2494
-2464
-2976
-3528
-3404
-3360
-3497
-3606
-3480
-2960
-2719
-2807
-3120
-3548
-3664
-3616
-3576
-3492
-3436
-3237
-3198
-3352
-3536
-3792
-3848
-3716
-3531
-3236
-2668
-1952
-1316
-912
-975
-1296
-1381
-1295
-1160
-1033
-909
-800
-716
-1043
-1600
-2608
-3330
-3752
-3900
-3880
-3513
-3183
-2836
-2941
-3304
-3570
-3801
-3842
-3888
-3936
-3835
-3196
-2748
-2762
-3100
-3344
-3376
-3420
-3537
-3653
-3432
-3106
-2903
-2883
-3216
