NbData=108
-6103
-6124
-6057
-6076
-5978
-5541
-5211
-5211
-5500
-5895
-6057
-6093
-6121
-6133
-6015
-5542
-5227
-5204
-5357
-5872
-6025
-6026
-6052
-6008
-5929
-5504
-5237
-5240
-5529
-5900
-6104
-6066
-6124
-6201
-6072
-5680
-5326
-5322
-5592
-5974
-6128
-6178
-6191
-6135
-5979
-5605
-5297
-5250
-5600
-6000
-6103
-6164
-6141
-6118
-5987
-5585
-5276
-5307
-5468
-5712
-6061
-6076
-6072
-6089
-6064
-5657
-5312
-5271
-5604
-6009
-6137
-6140
-6149
-6172
-6093
-5698
-5376
-5264
-5550
-5963
-6136
-6163
-6160
-6111
-6017
-5662
-5312
-5248
-5440
-5810
-6048
-6100
-6142
-6101
-6040
-5616
-5251
-5192
-5495
-5907
-5980
-5974
-5933
-5931
-5856
-5470
-5120
-5174
