NbData=92
-5162
-5310
-5305
-5405
-5428
-5248
-4894
-4703
-4634
-4894
-5198
-5364
-5337
-5405
-5512
-5360
-5052
-4835
-4948
-5377
-5758
-5657
-5226
-4948
-4682
-4245
-3404
-2852
-2427
-2584
-2814
-2846
-2701
-2712
-2752
-2773
-2600
-2617
-3183
-4020
-4877
-5487
-5760
-5758
-5514
-5315
-4902
-4614
-4825
-5094
-5412
-5324
-5441
-5568
-5469
-5297
-4877
-4660
-4693
-4965
-5285
-5372
-5400
-5247
-5280
-5151
-4828
-4613
-4579
-4883
-5220
-5364
-5402
-5380
-5394
-5068
-4720
-4596
-4816
-5274
-5776
-5670
-5653
-5636
-5560
-5318
-4862
-4527
-4558
-4816
-5249
-5424
