NbData=108
-4458
-4512
-4572
-4668
-4643
-4301
-3918
-3805
-4041
-4572
-4876
-5011
-5000
-5017
-5020
-4705
-4393
-4360
-4612
-5002
-5213
-5312
-5348
-5342
-5360
-5074
-4714
-4635
-4862
-5342
-5597
-5630
-5699
-5672
-5571
-5185
-4860
-4804
-5024
-5392
-5681
-5768
-5745
-5752
-5768
-5392
-4987
-4927
-5238
-5621
-5814
-5888
-5913
-5868
-5785
-5416
-5001
-4947
-5156
-5530
-5784
-5699
-5718
-5808
-5692
-5336
-5036
-4896
-5136
-5589
-5808
-5866
-5854
-5865
-5790
-5456
-5070
-4892
-5129
-5641
-5820
-5848
-5814
-5745
-5686
-5321
-4955
-4888
-5128
-5508
-5790
-5849
-5814
-5853
-5799
-5427
-4977
-4888
-5172
-5568
-5750
-5802
-5847
-5857
-5896
-5505
-4997
-4865
