NbData=108
-4956
-4816
-4728
-4681
-4416
-4268
-4452
-4786
-5136
-5481
-5600
-5602
-5568
-5448
-4983
-4764
-4864
-5184
-5467
-5622
-5784
-5876
-5917
-6027
-5785
-5690
-5855
-6445
-7742
-8880
-9943
-11164
-12630
-14759
-17446
-20154
-22959
-25918
-28990
-31970
-32763
-32701
-32710
-32711
-32710
-32711
-32712
-32714
-32714
-32713
-32715
-32714
-32715
-32717
-32715
-32714
-32715
-32717
-32715
-32717
-32717
-32715
-32717
-32715
-32715
-31375
19669
32392
32400
32398
32336
32343
32336
32343
32350
32346
32336
32353
32336
32343
32337
32352
32336
32336
32340
32336
32339
32352
32347
32336
32343
32360
32337
32324
32348
32352
32337
31148
28483
26768
25086
23540
22166
20880
19952
19248
18416
17189
