NbData=92
-6769
-7091
-7076
-7094
-7100
-7162
-6853
-6420
-6253
-6405
-6814
-7073
-7146
-7161
-7132
-7120
-6846
-6384
-6186
-6352
-6784
-7048
-7105
-7107
-7089
-7131
-6858
-6420
-6220
-6398
-6723
-7022
-7111
-7180
-7148
-7130
-6878
-6397
-6144
-6296
-6751
-7016
-7141
-7212
-7244
-7214
-6940
-6584
-6264
-6343
-6806
-7121
-7204
-7213
-7200
-7123
-6868
-6442
-6221
-6312
-6584
-6844
-6957
-6988
-6928
-6909
-6671
-6229
-6036
-6177
-6569
-6956
-7024
-7036
-7025
-7024
-6743
-6292
-6064
-6200
-6575
-6905
-6967
-7009
-7056
-7023
-6736
-6295
-6123
-6306
-6751
-7072
