NbData=92
-5672
-5743
-5718
-5664
-5742
-5676
-5322
-4969
-4889
-5262
-5632
-5861
-5874
-5892
-5971
-5881
-5484
-5178
-5169
-5480
-5820
-5888
-5872
-5852
-5792
-5645
-5296
-4981
-5072
-5381
-5674
-5800
-5905
-6076
-6150
-5864
-5308
-5024
-5062
-5380
-5816
-6015
-6044
-5970
-5856
-5636
-5185
-5054
-5123
-5508
-6019
-6192
-6156
-6061
-6070
-5977
-5539
-5042
-5168
-5456
-5817
-5936
-6047
-6076
-6196
-5878
-5550
-5279
-5356
-5678
-5990
-6068
-6200
-6176
-6105
-5887
-5493
-5194
-5332
-5608
-5844
-5817
-5864
-5884
-6036
-6108
-5792
-5448
-5562
-5872
-6222
-6347
