NbData=108
-6824
-6852
-6889
-6772
-6410
-6104
-6245
-6545
-6703
-6782
-6784
-6728
-6899
-6977
-6483
-6144
-6300
-6724
-7070
-7016
-6969
-6892
-6908
-6684
-6304
-6047
-5986
-6369
-6616
-6708
-6736
-6828
-6914
-6785
-6309
-5984
-6043
-6280
-6633
-6870
-6928
-6920
-6990
-6814
-6208
-5913
-6180
-6553
-6831
-6936
-7082
-7040
-6987
-6788
-6458
-6180
-6240
-6638
-7023
-7193
-7135
-7103
-7067
-6690
-6160
-5964
-6048
-6464
-6820
-6896
-7041
-7060
-7144
-7096
-6651
-6222
-6275
-6512
-6900
-6793
-6724
-6653
-6639
-6509
-6216
-6064
-6216
-6576
-6950
-7040
-6869
-6777
-6820
-6736
-6378
-6192
-6353
-6813
-7168
-7095
-7038
-7116
-7098
-6757
-6384
-6426
-6576
-6811
