NbData=92
-4286
-4613
-5046
-5196
-5207
-5158
-5120
-4996
-4652
-4303
-4220
-4480
-4976
-5121
-5153
-5149
-5136
-5058
-4711
-4330
-4326
-4544
-4855
-5096
-5180
-5214
-5197
-5053
-4618
-4285
-4281
-4505
-4951
-5160
-5135
-5088
-5136
-5028
-4608
-4284
-4256
-4571
-4971
-5116
-5104
-5124
-5123
-5059
-4620
-4236
-4191
-4521
-4889
-5085
-5194
-5184
-5145
-5089
-4715
-4363
-4356
-4737
-5192
-5416
-5428
-5417
-5404
-5152
-4480
-3886
-3599
-3520
-3628
-3424
-3114
-2896
-2657
-2408
-1969
-1655
-1856
-2441
-3029
-3608
-3974
-4473
-4984
-5259
-4972
-4518
-4376
-4606
