NbData=108
-7892
-7901
-7886
-7827
-7466
-7028
-6879
-7087
-7509
-7760
-7772
-7792
-7766
-7738
-7358
-6950
-6751
-6930
-7230
-7489
-7514
-7513
-7557
-7539
-7186
-6744
-6548
-6836
-7390
-7678
-7672
-7654
-7721
-7699
-7349
-6927
-6750
-6992
-7504
-7713
-7728
-7760
-7808
-7801
-7398
-6952
-6769
-7009
-7392
-7736
-7790
-7808
-7801
-7760
-7415
-6998
-6812
-7041
-7497
-7721
-7656
-7673
-7728
-7708
-7310
-6873
-6704
-6952
-7435
-7638
-7673
-7716
-7690
-7618
-7248
-6836
-6675
-6944
-7353
-7632
-7651
-7651
-7722
-7721
-7332
-7020
-6926
-7261
-7756
-8048
-8151
-8084
-8057
-7883
-7238
-6508
-6046
-5924
-6053
-6002
-5674
-5423
-5308
-5080
-4652
-4176
-4171
-4693
