NbData=92
-5535
-5910
-6029
-6013
-5977
-5832
-5744
-5385
-5080
-5076
-5333
-5716
-5912
-5982
-6008
-6037
-5874
-5505
-5199
-5180
-5428
-5890
-6011
-6001
-6043
-6061
-5897
-5529
-5197
-5218
-5447
-5868
-6024
-6080
-6079
-6105
-6025
-5606
-5198
-5192
-5507
-5848
-5985
-6030
-6042
-6057
-5942
-5520
-5220
-5190
-5515
-5962
-6089
-6064
-6056
-6105
-5956
-5583
-5280
-5334
-5705
-6192
-6425
-6457
-6522
-6493
-6288
-5752
-5162
-4906
-4902
-4963
-4874
-4508
-4094
-3793
-3476
-2951
-2438
-2335
-2701
-3386
-3849
-4137
-4546
-5035
-5472
-5548
-5308
-5223
-5467
-5802
