NbData=108
-6464
-6547
-6588
-6587
-6329
-5860
-5637
-5772
-6135
-6421
-6518
-6572
-6574
-6593
-6272
-5784
-5577
-5703
-6099
-6430
-6531
-6529
-6544
-6562
-6262
-5800
-5536
-5649
-6080
-6400
-6492
-6500
-6473
-6440
-6189
-5763
-5536
-5668
-6047
-6303
-6323
-6301
-6286
-6282
-6086
-5698
-5471
-5587
-5924
-6223
-6248
-6272
-6280
-6241
-5945
-5487
-5257
-5380
-5757
-6122
-6246
-6257
-6252
-6272
-6008
-5696
-5448
-5430
-5836
-6176
-6245
-6260
-6337
-6352
-6151
-5776
-5501
-5617
-5992
-6285
-6388
-6421
-6450
-6460
-6207
-5715
-5446
-5520
-5957
-6297
-6416
-6456
-6420
-6386
-6105
-5640
-5470
-5610
-5996
-6290
-6379
-6390
-6328
-6345
-6132
-5708
-5429
-5541
