NbData=92
-7992
-8162
-8120
-8192
-8186
-8188
-7858
-7357
-7120
-7312
-7879
-8144
-8182
-8208
-8245
-8175
-7816
-7425
-7259
-7536
-7944
-8153
-8200
-8262
-8300
-8203
-7794
-7407
-7264
-7538
-7931
-8160
-8174
-8192
-8218
-8168
-7764
-7430
-7349
-7599
-8044
-8246
-8279
-8265
-8284
-8252
-7845
-7398
-7236
-7477
-7861
-8100
-8116
-8126
-8172
-8185
-7820
-7420
-7207
-7452
-7954
-8152
-8148
-8070
-8089
-7986
-7638
-7292
-7148
-7369
-7846
-8097
-8042
-8032
-8041
-8006
-7584
-7198
-7128
-7316
-7606
-7872
-7933
-7940
-8012
-8013
-7611
-7194
-7030
-7281
-7704
-7868
