NbData=108
-5500
-5556
-5550
-5599
-5596
-5338
-4816
-4568
-4752
-5073
-5404
-5638
-5633
-5632
-5560
-5367
-4892
-4625
-4796
-5207
-5574
-5546
-5609
-5585
-5629
-5357
-4905
-4722
-4819
-5202
-5574
-5636
-5672
-5664
-5621
-5408
-5012
-4736
-4812
-5149
-5454
-5568
-5604
-5627
-5644
-5397
-4951
-4682
-4842
-5235
-5493
-5526
-5608
-5634
-5625
-5351
-4952
-4692
-4796
-5175
-5528
-5593
-5568
-5603
-5583
-5363
-4903
-4511
-4624
-5017
-5328
-5384
-5455
-5524
-5565
-5309
-4856
-4533
-4696
-5026
-5335
-5383
-5422
-5362
-5310
-5088
-4733
-4542
-4634
-4976
-5306
-5380
-5374
-5406
-5456
-5164
-4678
-4460
-4463
-4797
-5167
-5311
-5312
-5336
-5305
-5120
-4712
-4486
