NbData=92
-5055
-5472
-5664
-5737
-5704
-5693
-5626
-5265
-4890
-4728
-4940
-5200
-5533
-5641
-5672
-5664
-5624
-5312
-4891
-4744
-4986
-5423
-5665
-5668
-5664
-5708
-5624
-5280
-4889
-4752
-5021
-5450
-5744
-5902
-6008
-6033
-6052
-5695
-5212
-4942
-4986
-5081
-5061
-4900
-4576
-4200
-3874
-3221
-2501
-2148
-2280
-2500
-2688
-2900
-3256
-3419
-3696
-3904
-3994
-4360
-4806
-5248
-5487
-5604
-5614
-5584
-5671
-5417
-4985
-4696
-4820
-5099
-5430
-5433
-5409
-5393
-5263
-4886
-4521
-4370
-4671
-5104
-5344
-5427
-5496
-5534
-5451
-5120
-4707
-4504
-4726
-5216
