NbData=92
-5348
-5914
-5994
-5982
-5979
-6043
-5904
-5584
-5252
-5270
-5510
-5788
-5988
-5972
-5960
-6004
-5760
-5307
-4969
-4939
-5309
-5684
-5836
-5899
-5918
-5901
-5756
-5312
-4988
-5093
-5382
-5719
-5872
-5904
-5982
-5960
-5796
-5406
-5040
-5035
-5299
-5630
-5845
-5896
-5897
-5892
-5716
-5244
-4968
-4970
-5276
-5648
-5824
-5841
-5796
-5760
-5561
-5240
-4924
-4990
-5287
-5594
-5788
-5793
-5788
-5785
-5614
-5136
-4830
-4844
-5136
-5428
-5640
-5654
-5576
-5551
-5433
-4909
-4574
-4587
-4827
-5189
-5348
-5385
-5352
-5318
-5147
-4685
-4376
-4288
-4576
-4864
