NbData=92
-6359
-6701
-6769
-6872
-6889
-6846
-6569
-6148
-5940
-6073
-6421
-6735
-6823
-6800
-6704
-6665
-6448
-5972
-5708
-5855
-6286
-6576
-6601
-6568
-6548
-6544
-6219
-5791
-5580
-5592
-5849
-6173
-6336
-6386
-6320
-6269
-6001
-5491
-5240
-5365
-5722
-5984
-6005
-6016
-5984
-5935
-5623
-5077
-4864
-4986
-5372
-5709
-5757
-5698
-5662
-5584
-5260
-4862
-4624
-4704
-5015
-5300
-5440
-5479
-5410
-5371
-5108
-4617
-4326
-4431
-4798
-5072
-5128
-5169
-5161
-5132
-4885
-4467
-4266
-4440
-4848
-5125
-5198
-5249
-5258
-5294
-5057
-4702
-4402
-4566
-4984
-5372
