NbData=108
-10425
-10611
-10615
-10424
-9994
-9596
-9624
-9870
-10118
-10160
-10140
-9974
-9918
-9866
-9483
-9228
-9295
-9647
-9825
-9792
-9765
-9742
-9625
-9480
-8998
-8655
-8704
-9008
-9371
-9409
-9336
-9293
-9198
-9044
-8636
-8136
-8112
-8393
-8704
-8864
-8783
-8730
-8635
-8480
-8145
-7820
-7572
-7724
-8014
-7988
-8034
-8024
-8026
-7883
-7328
-6880
-6869
-7173
-7516
-7588
-7568
-7644
-7715
-7654
-7228
-6808
-6742
-7010
-7304
-7465
-7543
-7585
-7504
-7378
-7041
-6816
-6869
-7252
-7577
-7552
-7569
-7768
-7715
-7504
-7065
-6744
-6810
-7307
-7616
-7714
-7769
-7686
-7632
-7600
-7339
-7139
-7164
-7324
-7464
-7604
-7615
-7584
-7701
-7706
-7296
-6993
-6912
-7272
