NbData=92
-4864
-5263
-5519
-5569
-5594
-5575
-5594
-5361
-4944
-4712
-4856
-5280
-5578
-5663
-5691
-5705
-5656
-5425
-4961
-4700
-4752
-5244
-5600
-5662
-5702
-5643
-5634
-5356
-4858
-4706
-4832
-5230
-5596
-5661
-5674
-5696
-5621
-5365
-4967
-4768
-4870
-5184
-5484
-5589
-5625
-5633
-5672
-5428
-4938
-4685
-4870
-5286
-5495
-5568
-5600
-5533
-5512
-5321
-4879
-4624
-4784
-5224
-5552
-5620
-5632
-5584
-5621
-5376
-4977
-4743
-4837
-5177
-5464
-5600
-5635
-5624
-5605
-5385
-4943
-4763
-4908
-5248
-5566
-5609
-5600
-5565
-5551
-5328
-4935
-4736
-4797
-5144
