NbData=108
-8280
-8385
-8476
-8431
-8064
-7765
-7760
-8089
-8516
-8697
-8620
-8638
-8682
-8640
-8331
-7875
-7876
-8353
-8905
-9237
-9291
-9366
-9390
-9323
-8874
-8522
-8464
-8814
-9264
-9318
-9312
-9314
-9280
-9161
-8745
-8243
-8156
-8555
-9089
-9355
-9349
-9440
-9440
-9290
-8881
-8507
-8511
-8820
-9232
-9383
-9406
-9400
-9456
-9223
-8622
-8302
-8431
-8809
-9221
-9314
-9264
-9286
-9377
-9382
-8920
-8556
-8604
-8600
-8912
-9136
-9066
-8998
-9008
-8957
-8604
-8205
-8134
-8483
-9019
-9180
-9228
-9232
-9211
-9036
-8532
-8236
-8269
-8620
-9140
-9312
-9297
-9184
-9034
-8891
-8633
-8440
-8520
-8960
-9379
-9478
-9405
-9428
-9462
-9342
-8888
-8516
-8461
-8782
