NbData=108
-5280
-5370
-5405
-5440
-5391
-5257
-4830
-4554
-4687
-4988
-5225
-5405
-5423
-5449
-5426
-5271
-4848
-4576
-4584
-4969
-5310
-5481
-5488
-5504
-5521
-5344
-4927
-4672
-4717
-5040
-5420
-5479
-5529
-5612
-5542
-5335
-4878
-4592
-4653
-4944
-5241
-5358
-5464
-5558
-5526
-5360
-4933
-4680
-4681
-5024
-5374
-5533
-5516
-5568
-5544
-5366
-4978
-4665
-4688
-5003
-5404
-5503
-5527
-5589
-5551
-5356
-4960
-4640
-4681
-4956
-5295
-5424
-5534
-5456
-5429
-5287
-4868
-4559
-4611
-4945
-5260
-5367
-5423
-5376
-5420
-5246
-4793
-4514
-4630
-4948
-5253
-5396
-5386
-5336
-5360
-5168
-4760
-4476
-4482
-4864
-5168
-5357
-5372
-5404
-5452
-5229
-4783
-4446
