NbData=108
-7410
-7541
-7584
-7508
-7112
-6632
-6416
-6569
-6896
-7110
-7183
-7151
-7177
-7099
-6686
-6368
-6185
-6360
-6751
-7062
-7190
-7226
-7248
-7237
-6933
-6512
-6416
-6617
-7010
-7270
-7284
-7256
-7256
-7248
-6900
-6417
-6288
-6512
-6821
-7113
-7200
-7238
-7266
-7199
-6848
-6464
-6256
-6416
-6766
-7069
-7149
-7100
-7082
-7010
-6728
-6350
-6165
-6321
-6752
-6932
-6958
-6959
-6921
-6890
-6572
-6190
-5983
-6097
-6485
-6726
-6688
-6725
-6780
-6722
-6342
-5884
-5653
-5800
-6097
-6320
-6416
-6429
-6434
-6291
-5883
-5478
-5302
-5502
-5905
-6095
-6098
-6032
-5980
-5952
-5615
-5144
-4937
-5100
-5484
-5700
-5744
-5755
-5776
-5743
-5419
-4822
-4660
-4875
