NbData=92
-8081
-8289
-8285
-8281
-8312
-8288
-7972
-7613
-7552
-7808
-8336
-8523
-8452
-8432
-8400
-8336
-7910
-7497
-7402
-7672
-8153
-8291
-8280
-8256
-8265
-8173
-7844
-7430
-7284
-7524
-7968
-8223
-8236
-8313
-8312
-8211
-7786
-7369
-7198
-7418
-7928
-8124
-8041
-8057
-8051
-7980
-7624
-7272
-7158
-7409
-7837
-8114
-8138
-8198
-8232
-8178
-7840
-7417
-7248
-7517
-7978
-8196
-8208
-8218
-8244
-8223
-7838
-7455
-7365
-7616
-8047
-8302
-8300
-8305
-8331
-8304
-7872
-7469
-7376
-7628
-7993
-8224
-8240
-8240
-8242
-8215
-7826
-7400
-7248
-7456
-7949
-8100
