NbData=92
-6233
-6457
-6534
-6537
-6408
-6093
-5673
-5449
-5556
-5980
-6415
-6496
-6576
-6568
-6504
-6409
-5936
-5537
-5558
-6009
-6400
-6476
-6475
-6486
-6557
-6340
-5808
-5578
-5676
-5995
-6426
-6541
-6600
-6560
-6542
-6265
-6061
-5923
-5970
-6276
-6546
-6670
-6612
-6493
-6425
-6220
-5840
-5642
-5816
-6144
-6512
-6518
-6569
-6512
-6522
-6278
-5953
-5860
-5984
-6313
-6752
-6784
-6860
-6986
-6977
-6896
-6469
-6080
-5994
-6148
-6100
-5790
-5542
-5335
-5161
-4581
-3862
-3349
-3422
-3645
-3820
-4004
-4350
-4524
-4841
-5054
-5094
-5296
-5863
-6303
-6540
-6424
